1	-120.788685	36.071629
2	-122.219406	37.469585
3	-121.660215	37.150476
4	-121.342846	38.573074
5	-121.361714	38.554435
6	-121.948432	38.366653
7	-121.996104	38.325847
8	-122.644972	38.261877
9	-122.416533	37.785703
10	-121.060020	37.694177
11	-121.974941	37.764186
12	-122.578828	38.581276
13	-121.241585	38.755070
14	-121.613308	36.705455
15	-121.376707	36.473235
16	-121.921131	36.617643
17	-121.909473	36.588169
18	-121.261732	38.788599
19	-121.356636	38.697742
20	-122.418912	37.787914
21	-122.439790	37.802459
22	-120.911762	35.479227
23	-122.031875	38.252900
24	-122.012479	38.249689
25	-121.979635	38.343208
26	-122.487302	38.305744
27	-122.737504	38.467035
28	-122.801975	38.552739
29	-120.246742	36.130023
30	-122.246330	37.766349
31	-122.306018	37.901185
32	-121.297575	38.139723
33	-121.281033	38.135976
34	-121.276140	38.108162
35	-121.210946	37.799210
36	-121.189472	37.799097
37	-122.070514	37.345506
38	-121.481191	37.205840
39	-122.238454	38.105279
40	-122.014473	38.263973
41	-122.014071	37.977436
42	-121.939187	37.732216
43	-122.352594	37.961462
44	-122.398293	37.724754
45	-120.538380	37.892049
46	-122.297235	37.807421
47	-122.166514	37.746447
48	-121.469390	38.580378
49	-121.491249	38.624170
50	-121.341265	38.691007
51	-121.258177	38.705969
52	-121.835311	37.368068
53	-120.496933	37.298696
54	-121.822643	39.769156
55	-122.315471	37.945607
56	-122.373623	37.961612
57	-122.321681	37.958479
58	-122.273448	37.843259
59	-122.073896	37.570100
60	-122.053654	37.571945
61	-122.050945	37.561700
62	-121.976886	37.545039
63	-121.985571	37.539148
64	-122.008744	37.537299
65	-121.975871	37.519876
66	-121.896753	37.486344
67	-121.439970	38.501998
68	-120.510686	37.314167
69	-121.844578	36.601254
70	-121.242642	38.736379
71	-121.321950	38.778518
72	-121.274537	38.826131
73	-122.052162	38.292827
74	-121.881529	37.316002
75	-122.464112	38.280860
76	-122.590615	38.239469
77	-121.892778	37.294415
78	-122.387227	37.727739
79	-122.419425	37.790887
80	-122.438227	37.781427
81	-122.440061	37.740622
82	-122.406549	37.751951
83	-122.865238	38.610942
84	-121.355485	38.035538
85	-121.319259	38.036026
86	-122.101474	37.410095
87	-122.096666	37.417600
88	-121.565490	37.002671
89	-122.007871	36.984166
90	-122.477017	37.650969
91	-122.255380	37.510766
92	-121.524327	38.571689
93	-121.705562	38.540049
94	-121.764154	38.553113
95	-122.630334	38.937178
96	-122.286882	37.866036
97	-122.267186	37.900491
98	-122.276042	37.801698
99	-122.233726	37.794201
100	-122.330363	37.982257
101	-122.353170	37.954599
102	-122.321602	37.938771
103	-122.030026	37.562786
104	-122.009368	37.554594
105	-121.985669	37.550963
106	-121.471474	39.529490
107	-122.258907	37.762258
108	-122.110051	37.667794
109	-122.291555	37.905108
110	-121.059448	38.681609
111	-121.267826	38.735778
112	-120.778589	38.718980
113	-122.437976	37.774865
114	-121.192465	37.854052
115	-121.444350	37.714509
116	-122.232740	37.476335
117	-122.445028	37.705301
118	-122.279749	37.513725
119	-122.257854	37.498402
120	-121.311273	37.910048
121	-121.270532	38.074642
122	-121.690869	38.099109
123	-122.022649	37.333039
124	-121.376432	38.585839
125	-122.115771	37.406539
126	-121.517735	38.608674
127	-122.144917	37.435477
128	-121.847208	37.355213
129	-121.303845	38.671423
130	-121.419056	38.521628
131	-121.870466	37.322872
132	-121.843947	37.320111
133	-121.856244	37.312766
134	-122.002371	37.299403
135	-121.945629	38.278716
136	-121.943478	38.332074
137	-121.986257	38.378579
138	-122.618911	38.253544
139	-120.862778	37.498465
140	-121.639412	39.277771
141	-122.707570	38.403855
142	-122.723555	38.460050
143	-122.706745	38.448416
144	-120.967327	37.671779
145	-121.003146	37.597876
146	-122.301129	38.311181
147	-123.203101	39.135960
148	-120.602718	37.346363
149	-121.851834	39.712862
150	-121.582289	38.430722
151	-122.272491	37.808907
152	-122.022230	37.314915
153	-122.004135	37.330040
154	-122.010273	37.358633
155	-122.042815	37.390766
156	-121.837372	37.257701
157	-121.764681	37.223058
158	-121.636385	36.710204
159	-121.690300	36.717471
160	-121.839850	36.591849
161	-121.093593	38.854586
162	-121.418499	38.447746
163	-121.490616	38.617236
164	-121.425438	38.467904
165	-122.424495	37.794152
166	-121.029183	37.306315
167	-122.166203	37.732166
168	-122.169867	37.685971
169	-122.094725	37.680699
170	-121.834112	37.205076
171	-122.105299	37.869004
172	-121.876368	36.962973
173	-121.838655	37.288837
174	-121.814746	37.318508
175	-121.893150	37.347300
176	-121.897709	37.316102
177	-121.616279	38.031307
178	-121.788652	37.672512
179	-121.359019	38.647357
180	-121.462605	39.490913
181	-122.259368	37.816992
182	-122.288277	38.295941
183	-121.267844	37.968190
184	-121.897125	37.327921
185	-121.875786	39.753911
186	-122.485341	37.737891
187	-121.846046	37.269976
188	-121.506047	38.575897
189	-121.094240	36.510431
190	-120.524980	36.193351
191	-122.351041	37.969480
192	-121.354577	38.679367
193	-121.861159	37.289070
194	-122.265228	37.841628
195	-121.919559	37.483042
196	-121.890209	37.680737
197	-120.932116	39.864328
198	-121.752754	37.685250
199	-121.724956	37.689442
200	-121.879813	39.735065
201	-121.799458	39.726155
202	-120.140892	37.696522
203	-123.561880	39.689627
204	-121.643945	36.703773
205	-120.972160	40.043836
206	-122.412964	37.768794
207	-122.423099	37.751535
208	-122.413803	37.761124
209	-122.403419	37.716484
210	-122.467498	37.713444
211	-122.475834	37.783677
212	-122.405081	37.795679
213	-121.278451	38.141307
214	-121.243960	37.806448
215	-121.754839	36.927335
216	-122.057115	37.584145
217	-121.990495	37.559055
218	-121.943704	37.531829
219	-121.997651	37.544909
220	-121.931398	37.522548
221	-121.899180	37.669291
222	-121.859981	37.705908
223	-121.741663	37.675342
224	-121.790100	37.663981
225	-122.353309	37.941655
226	-120.507021	38.852553
227	-120.991411	38.683140
228	-120.558879	38.613134
229	-121.283197	37.833289
230	-121.423315	37.710680
231	-121.430584	37.746501
232	-122.128363	37.463764
233	-122.459590	37.627562
234	-122.384759	37.620799
235	-121.880256	37.333022
236	-121.320020	38.664844
237	-122.025384	37.385589
238	-122.034743	36.959011
239	-122.031307	37.020663
240	-121.784324	36.957450
241	-122.572027	38.110578
242	-122.548045	37.998708
243	-122.506893	37.966734
244	-122.491411	37.940305
245	-123.380370	39.426295
246	-122.694319	38.347976
247	-121.669557	36.678213
248	-121.830710	40.281205
249	-119.988316	38.109747
250	-120.767487	38.909064
251	-121.789547	37.250947
252	-121.989619	36.982887
253	-122.235993	38.116622
254	-122.700954	38.368102
255	-123.152968	38.582017
256	-121.307117	38.716250
257	-121.281977	38.612383
258	-121.363063	38.542715
259	-121.327835	38.033870
260	-121.285823	38.002628
261	-121.261938	38.111000
262	-122.708977	38.435240
263	-120.867519	37.770327
264	-122.522406	37.960346
265	-123.481984	39.116343
266	-120.594531	37.366185
267	-121.267409	38.690686
268	-122.029756	36.975937
269	-122.156979	38.070672
270	-122.029993	38.264830
271	-121.402677	38.489945
272	-121.818529	37.347803
273	-121.823399	37.241336
274	-121.977066	36.977162
275	-122.223737	38.104305
276	-121.981194	38.257934
277	-122.178081	37.728402
278	-121.815572	39.721540
279	-121.731454	37.983647
280	-122.036888	37.974648
281	-122.028639	37.954402
282	-122.099005	37.845871
283	-122.283801	37.846826
284	-122.258969	37.829214
285	-122.304276	37.817830
286	-122.285008	37.805610
287	-122.225176	37.789474
288	-122.157908	37.697371
289	-122.073556	37.638255
290	-122.068416	37.585317
291	-122.480200	37.984432
292	-121.418751	38.528827
293	-121.435219	38.519816
294	-122.302667	38.260326
295	-122.307283	38.294333
296	-122.239356	38.160168
297	-121.833343	38.458443
298	-120.855328	37.506698
299	-122.415999	37.802103
300	-121.874243	37.305223
301	-122.697548	38.460411
302	-122.383927	37.733975
303	-121.981622	37.441517
304	-122.054651	37.417280
305	-121.274420	37.948536
306	-122.004857	37.396126
307	-120.969037	37.593078
308	-122.083500	37.378680
309	-121.762661	37.234738
310	-121.336299	38.649062
311	-122.485900	37.703545
312	-121.966630	36.974818
313	-121.403623	36.848219
314	-122.446966	37.655692
315	-122.230595	37.489397
316	-122.171909	38.093974
317	-121.775189	38.553535
318	-121.784506	38.549932
319	-121.643263	39.021765
320	-122.177595	39.750272
321	-122.265188	37.795480
322	-122.253678	37.813633
323	-122.295348	37.797551
324	-121.933644	37.561545
325	-121.962332	37.528754
326	-121.972681	37.531337
327	-121.574397	39.790341
328	-121.910050	37.689188
329	-121.747760	37.709609
330	-121.765041	37.696215
331	-121.732419	37.696281
332	-122.140718	38.022778
333	-122.131423	37.681590
334	-122.022819	37.969863
335	-121.816741	38.000588
336	-121.125033	38.916888
337	-121.048571	38.949366
338	-122.240406	37.554221
339	-122.208472	37.479883
340	-121.278233	38.799235
341	-121.267485	37.932231
342	-121.389085	38.048666
343	-121.262801	38.134837
344	-121.491111	36.832944
345	-122.075149	37.401046
346	-122.097522	37.397443
347	-122.123051	37.437668
348	-121.256125	38.670860
349	-121.783835	37.229616
350	-121.491635	38.585930
351	-121.866034	37.336863
352	-121.909882	37.260320
353	-121.789592	37.327843
354	-121.297465	38.684823
355	-121.351368	38.542915
356	-121.384885	38.417345
357	-121.365455	38.438858
358	-121.378315	38.464998
359	-121.403608	38.470590
360	-121.317021	38.429080
361	-121.306990	38.268780
362	-121.469919	38.462357
363	-121.412387	38.416604
364	-121.432935	38.429666
365	-121.962972	37.040871
366	-121.938290	38.394929
367	-122.735035	38.263132
368	-120.900841	37.373890
369	-122.215349	38.128363
370	-122.209783	38.104610
371	-122.215347	38.093149
372	-122.237312	38.124844
373	-120.969507	37.697017
374	-121.023678	37.697018
375	-121.080971	37.695917
376	-121.023962	37.675258
377	-121.629746	36.669638
378	-121.829734	36.612553
379	-120.605306	37.356106
380	-121.946207	37.317069
381	-121.862753	39.729503
382	-121.961334	37.535702
383	-121.813673	39.751163
384	-121.737298	38.547477
385	-122.179594	37.904007
386	-122.247304	37.741266
387	-122.108182	37.705688
388	-122.190888	37.713527
389	-122.140322	37.685601
390	-121.895936	37.235652
391	-121.867686	37.269537
392	-122.075780	37.624980
393	-122.082832	37.596206
394	-122.189928	37.481860
395	-122.225293	37.453995
396	-121.880554	37.354671
397	-122.223272	38.094839
398	-122.242603	38.149094
399	-122.066007	38.267015
400	-122.041080	38.266743
401	-122.008484	38.269872
402	-121.427780	38.485084
403	-122.564002	38.017792
404	-120.622414	37.360448
405	-121.280067	38.694514
406	-121.380404	36.843973
407	-121.315768	38.133241
408	-122.449944	37.676268
409	-122.488651	37.652984
410	-122.467181	37.592435
411	-121.841543	39.742623
412	-121.820639	39.704190
413	-121.811857	39.341007
414	-121.591670	37.933685
415	-122.082671	38.001005
416	-122.054201	37.926322
417	-122.322884	37.916784
418	-121.871209	37.433721
419	-121.967035	37.297426
420	-122.042612	36.987872
421	-122.248860	38.100717
422	-122.258886	37.770576
423	-122.507645	37.981922
424	-121.436602	38.529447
425	-121.494691	38.507073
426	-121.413308	38.593746
427	-121.460158	38.649718
428	-121.520212	38.673864
429	-121.397382	38.665450
430	-121.236523	38.649858
431	-122.256090	37.873064
432	-121.277796	37.784313
433	-122.309338	37.558241
434	-122.423317	37.787453
435	-122.075196	37.578275
436	-121.914961	37.243266
437	-122.009967	37.301835
438	-122.022996	37.355618
439	-122.014242	38.284606
440	-122.328444	38.311569
441	-121.440300	38.464217
442	-123.800168	39.447364
443	-122.440631	37.764784
444	-121.274085	38.575292
445	-122.438706	37.778322
446	-122.228826	37.808437
447	-122.142022	37.697347
448	-122.018253	37.570302
449	-121.479225	38.507544
450	-121.106231	38.672219
451	-121.299925	38.587583
452	-122.420744	37.798361
453	-120.660040	39.065401
454	-121.905073	37.438769
455	-121.986216	37.327160
456	-122.280389	37.839058
457	-122.273536	37.820649
458	-122.270937	37.800090
459	-122.241043	37.791305
460	-122.211248	37.780731
461	-122.183491	37.751061
462	-122.271804	37.888404
463	-122.268935	37.868077
464	-122.275273	37.850039
465	-122.063363	37.699602
466	-122.155250	37.723406
467	-122.114103	37.698872
468	-122.126273	37.671056
469	-122.093812	37.635846
470	-122.075976	37.587836
471	-122.012882	37.589721
472	-122.023150	37.557816
473	-121.950884	37.545785
474	-121.508225	39.397260
475	-122.063474	37.905639
476	-120.471461	38.134301
477	-122.167487	37.879806
478	-122.264008	38.000107
479	-122.333983	37.966564
480	-122.341577	37.939334
481	-122.302378	37.909730
482	-121.094163	38.698805
483	-120.242140	38.386217
484	-122.356561	39.100596
485	-121.711430	37.940472
486	-121.733707	37.952738
487	-121.900056	38.013254
488	-122.056073	37.938622
489	-122.001946	37.963411
490	-122.493050	38.971678
491	-122.890344	39.214301
492	-122.577520	39.082756
493	-122.754221	38.857453
494	-122.620294	38.786264
495	-122.428483	37.619641
496	-122.281078	38.317044
497	-121.300321	38.756742
498	-120.378750	36.891255
499	-122.559817	37.909511
500	-123.114569	39.391270
501	-120.639467	37.173961
502	-121.044580	37.029550
503	-121.650558	36.665066
504	-120.879219	39.240691
505	-121.502172	38.582484
506	-121.493902	38.556649
507	-121.504653	38.528317
508	-121.451466	38.530278
509	-121.446528	38.506028
510	-121.385624	38.489678
511	-121.394227	38.580275
512	-121.355150	38.601521
513	-121.457398	38.633727
514	-121.447956	38.687963
515	-121.300636	38.657124
516	-121.297699	38.710521
517	-121.315906	38.695242
518	-121.236874	38.671729
519	-121.383879	38.478960
520	-121.349004	38.459371
521	-121.318056	38.261439
522	-121.441487	38.387294
523	-121.291961	37.963945
524	-121.293590	37.975146
525	-121.220367	37.962548
526	-121.340973	37.995599
527	-121.303470	38.036358
528	-122.343335	37.585000
529	-122.299115	37.532927
530	-122.195237	37.474809
531	-122.182190	37.448158
532	-122.411073	37.806529
533	-122.407119	37.799623
534	-122.451807	37.788702
535	-122.456490	37.778492
536	-122.422579	37.783096
537	-122.429737	37.776021
538	-121.296250	38.193612
539	-121.281423	37.820073
540	-121.440447	37.757729
541	-122.478808	37.682160
542	-122.451723	37.639566
543	-122.449681	37.633783
544	-121.914849	37.332326
545	-121.889367	37.341774
546	-121.909871	37.309024
547	-121.886627	37.256661
548	-121.849466	37.333482
549	-121.849809	37.299699
550	-121.831312	37.339974
551	-121.844989	37.349974
552	-121.841366	37.365334
553	-121.859598	37.409368
554	-122.004444	37.401960
555	-121.948351	37.384604
556	-121.974166	37.346400
557	-122.000031	37.282186
558	-122.045236	37.343869
559	-122.040824	37.375711
560	-122.057003	37.379047
561	-122.074277	37.386139
562	-122.111078	37.414880
563	-121.877191	37.230224
564	-121.823628	37.255135
565	-121.771832	37.229921
566	-121.854840	37.243104
567	-121.643684	37.134804
568	-121.583870	37.025680
569	-121.577956	37.005504
570	-122.208504	38.114036
571	-122.236921	38.096274
572	-122.014964	38.277251
573	-122.042261	38.254041
574	-120.985238	37.599702
575	-120.959354	37.586107
576	-119.745038	37.907469
577	-122.809867	38.707893
578	-120.950643	37.738096
579	-121.038825	37.699449
580	-120.984204	37.671770
581	-121.004149	37.657530
582	-121.286209	37.309441
583	-120.869410	37.533214
584	-121.627396	39.133918
585	-121.780076	38.557164
586	-121.745423	38.549548
587	-121.765110	38.683981
588	-122.727380	39.174748
589	-122.638950	38.957343
590	-122.251813	37.801687
591	-122.237894	37.800580
592	-122.226550	37.782303
593	-122.215253	37.782953
594	-122.192947	37.777522
595	-122.184159	37.733979
596	-122.258927	37.891403
597	-122.296828	37.874188
598	-122.257680	37.854117
599	-122.231158	37.763596
600	-122.251248	37.760588
601	-122.084361	37.706221
602	-122.067788	37.686834
603	-122.106996	37.682442
604	-122.079621	37.657844
605	-122.095064	37.653973
606	-122.079323	37.643709
607	-122.069976	37.644010
608	-122.280089	37.804252
609	-122.276492	37.810694
610	-122.266642	37.806959
611	-122.259132	37.811391
612	-122.253219	37.822971
613	-122.212733	37.805622
614	-122.066859	37.593723
615	-122.017858	37.580847
616	-121.946644	38.023958
617	-122.071926	37.981041
618	-122.034442	37.992988
619	-121.986840	37.969493
620	-122.044509	37.956108
621	-122.058100	37.890587
622	-121.949690	37.746736
623	-121.977243	37.745149
624	-122.103514	37.889475
625	-122.309156	38.002716
626	-120.336819	38.520903
627	-122.309523	37.975335
628	-122.310044	37.907177
629	-122.424682	37.768213
630	-121.535694	39.944079
631	-121.429924	39.684089
632	-121.561085	39.508271
633	-121.718223	39.380927
634	-120.434573	38.368071
635	-122.425029	39.271713
636	-121.751650	37.973443
637	-121.775081	38.011186
638	-121.895239	38.026998
639	-121.024316	38.837296
640	-120.295349	38.725781
641	-122.420030	37.794751
642	-122.406195	37.793504
643	-122.419875	37.785467
644	-122.412849	37.784141
645	-122.427651	37.802183
646	-122.447596	37.770458
647	-122.446041	37.765207
648	-122.431283	37.759646
649	-122.439866	37.748408
650	-122.402451	37.761446
651	-122.412287	37.755825
652	-122.412511	37.732274
653	-122.436023	37.718139
654	-121.197193	38.754751
655	-121.262135	38.737304
656	-121.311020	38.739841
657	-121.362281	38.737861
658	-121.325902	38.887215
659	-122.445066	37.729676
660	-122.483669	37.760129
661	-122.480946	37.727433
662	-122.506553	37.761670
663	-122.481418	37.782858
664	-122.492765	37.776484
665	-122.420818	37.710505
666	-122.502854	37.783204
667	-121.276868	37.962901
668	-121.310939	37.975025
669	-121.245050	37.954271
670	-121.356327	38.039931
671	-121.287897	38.033085
672	-121.231405	37.805949
673	-120.785122	35.638762
674	-120.484436	35.571765
675	-122.415295	37.704428
676	-122.466682	37.698256
677	-122.485297	37.675084
678	-122.433879	37.617744
679	-122.364620	37.581387
680	-122.319915	37.565379
681	-122.305621	37.527955
682	-122.303377	37.565852
683	-122.261848	37.561554
684	-122.282889	37.531709
685	-122.276820	37.488703
686	-121.415690	38.567050
687	-121.921881	37.340763
688	-121.874220	37.338714
689	-121.483935	38.583326
690	-121.435621	38.579188
691	-121.419619	38.513354
692	-121.509536	38.512035
693	-121.419498	38.490414
694	-121.472592	38.574294
695	-121.922073	37.319244
696	-121.909482	37.300158
697	-121.926248	37.273402
698	-121.886712	37.277475
699	-121.854360	37.277845
700	-121.816406	37.293425
701	-121.781745	37.312322
702	-121.833889	37.336091
703	-121.853975	37.358360
704	-121.375233	38.615368
705	-121.492711	38.631831
706	-121.502656	38.620147
707	-121.533143	38.608506
708	-121.443319	38.717565
709	-121.380305	38.697487
710	-121.368699	38.664108
711	-121.386345	38.722174
712	-121.308409	38.631084
713	-121.321431	38.642035
714	-121.321468	38.703261
715	-121.834226	37.355121
716	-121.887838	37.378342
717	-121.866192	37.393479
718	-121.880690	37.409776
719	-121.902587	37.451399
720	-121.987343	37.348241
721	-121.984387	37.334056
722	-121.972113	37.312790
723	-121.955850	37.284442
724	-121.934720	37.240194
725	-122.022160	37.274638
726	-121.282045	38.684582
727	-121.146322	38.662906
728	-121.107270	38.653235
729	-121.370412	38.557835
730	-121.364456	38.417929
731	-121.360391	38.459751
732	-121.392673	38.459601
733	-121.344958	38.402364
734	-121.340215	38.437432
735	-121.433094	38.444473
736	-121.155271	38.694915
737	-121.421189	36.847938
738	-122.036752	37.343831
739	-121.999634	37.354856
740	-122.050880	37.378711
741	-122.083401	37.405530
742	-122.127707	37.416767
743	-122.155827	37.443328
744	-122.113328	37.303928
745	-121.856379	37.213372
746	-121.825241	37.264039
747	-121.591277	37.025199
748	-122.040945	36.969952
749	-122.224342	38.082731
750	-122.258549	38.127716
751	-122.181088	38.079906
752	-121.923984	38.345501
753	-121.966136	38.342005
754	-121.975131	38.395381
755	-122.452798	38.286891
756	-122.614852	38.238523
757	-122.691277	38.443721
758	-122.712486	38.458170
759	-120.943042	37.603157
760	-120.911557	37.665585
761	-122.320559	38.322845
762	-122.262588	38.160271
763	-120.094012	37.545888
764	-122.748103	38.479854
765	-122.758131	38.440775
766	-120.093264	37.429579
767	-122.811624	38.554867
768	-122.808826	38.545571
769	-123.621307	39.454844
770	-123.370069	39.251336
771	-123.289135	39.112045
772	-123.185935	38.976266
773	-120.618706	37.394672
774	-120.578966	37.355603
775	-120.459592	37.325102
776	-121.928150	36.603920
777	-122.973336	38.614053
778	-120.863981	37.752938
779	-120.944385	37.723189
780	-120.968621	37.684907
781	-120.901599	37.220248
782	-120.867719	37.049468
783	-121.660448	36.703650
784	-121.615994	36.675079
785	-121.332329	36.178100
786	-121.908038	36.604723
787	-121.831540	36.604621
788	-121.603492	36.662226
789	-121.790913	38.681935
790	-120.961968	36.258075
791	-122.291928	38.317021
792	-121.692494	36.268766
793	-121.265010	37.460317
794	-120.841968	37.484839
795	-121.625210	39.146697
796	-121.626118	39.106349
797	-122.705408	40.205621
798	-122.374969	38.291959
799	-120.943966	39.303666
800	-122.225039	38.437260
801	-122.265993	38.626931
802	-121.188863	39.213342
803	-120.420826	37.814457
804	-121.532870	38.576369
805	-122.142775	37.727338
806	-122.179757	38.760883
807	-121.549738	39.123697
808	-122.280261	37.823622
809	-122.248904	37.817374
810	-122.215554	37.796008
811	-122.196363	37.758250
812	-122.269504	37.875328
813	-122.260054	37.863650
814	-122.111531	37.692886
815	-122.102093	37.629540
816	-121.854746	37.684674
817	-122.273064	37.526428
818	-122.213722	37.483866
819	-122.111412	37.467585
820	-121.889911	37.284316
821	-121.811033	37.354922
822	-121.881148	37.432092
823	-121.961754	37.338055
824	-121.970212	37.264032
825	-121.849611	39.764243
826	-121.729283	37.998429
827	-121.710345	37.907818
828	-121.768123	37.987489
829	-122.038320	37.311431
830	-122.106445	37.401996
831	-121.868997	37.211839
832	-121.852394	37.261745
833	-121.751544	38.564851
834	-122.545345	38.218785
835	-121.769489	38.670386
836	-123.336386	38.618951
837	-121.003717	37.621575
838	-120.879516	37.520957
839	-120.106226	37.942666
840	-122.313162	38.305491
841	-122.262165	38.172908
842	-121.475980	38.568252
843	-122.260483	37.866682
844	-123.499705	38.943951
845	-120.495958	37.319182
846	-121.664350	36.670510
847	-121.656896	36.398305
848	-121.124864	36.212852
849	-122.289607	38.286831
850	-121.274501	38.723297
851	-121.490136	38.532813
852	-121.463412	38.503789
853	-121.408739	38.603039
854	-121.440700	38.642926
855	-121.347604	38.657620
856	-121.283625	38.658163
857	-120.691066	39.799785
858	-122.442827	37.719487
859	-122.480543	37.746890
860	-122.483982	37.774660
861	-121.309900	37.923939
862	-121.432066	37.733454
863	-122.281544	37.816489
864	-122.110475	37.661479
865	-122.079384	37.873238
866	-122.414835	37.796279
867	-122.435085	37.785085
868	-122.438268	37.753339
869	-121.957915	37.960723
870	-122.743326	38.142737
871	-121.335819	38.800339
872	-120.781724	39.193759
873	-123.797493	40.268839
874	-121.287898	38.025098
875	-121.823598	37.331983
876	-121.835905	37.272141
877	-122.270074	38.121989
878	-121.315493	38.013073
879	-121.225056	37.790420
880	-121.471315	38.548877
881	-122.118828	37.420168
882	-120.754556	39.562958
883	-122.221998	38.118236
884	-121.840756	36.611216
885	-122.257797	37.847519
886	-122.263901	37.830677
887	-122.289664	37.881290
888	-122.102309	37.663257
889	-121.961771	37.517075
890	-121.865252	39.764491
891	-121.895200	38.021427
892	-121.950806	37.755062
893	-122.346700	37.975055
894	-123.965619	40.199065
895	-121.237659	38.782450
896	-121.576016	36.678518
897	-121.877257	36.582573
898	-121.470673	38.519677
899	-121.420148	38.501147
900	-121.393828	38.571653
901	-121.491991	38.664835
902	-121.317671	38.587965
903	-121.387520	38.431661
904	-122.022217	37.391152
905	-122.414176	37.790575
906	-122.431825	37.797351
907	-122.447480	37.778544
908	-122.395632	37.762710
909	-122.499488	37.757067
910	-122.507207	37.777043
911	-121.285058	37.953484
912	-121.309068	37.990738
913	-121.285168	38.108140
914	-121.238958	37.819644
915	-122.434938	37.666381
916	-121.921865	37.303243
917	-121.878364	37.298621
918	-121.863531	37.417293
919	-121.982305	37.360626
920	-122.060040	37.390950
921	-121.813026	37.240332
922	-122.608841	38.244514
923	-121.033325	37.656769
924	-120.980958	37.620572
925	-121.704334	38.558566
926	-121.492668	38.565141
927	-122.109207	37.426213
928	-121.805730	38.794743
929	-121.855269	37.402777
930	-121.964162	37.319741
931	-122.044575	37.329747
932	-121.131897	38.652111
933	-121.441091	38.469113
934	-121.196988	39.415867
935	-122.234074	37.456430
936	-121.906279	37.277824
937	-122.297361	37.894427
938	-122.074711	37.161136
939	-122.233428	37.759271
940	-122.102380	37.647451
941	-122.856683	38.620392
942	-123.214240	39.704363
943	-123.656124	39.152923
944	-120.588045	37.342259
945	-122.707324	38.341911
946	-122.669493	38.435182
947	-121.234819	36.339506
948	-121.762932	36.659382
949	-122.232725	37.812100
950	-122.592370	37.923601
951	-121.751385	38.669401
952	-120.860491	37.515892
953	-122.005032	37.943106
954	-122.338247	37.956703
955	-121.083791	38.675396
956	-121.444589	39.270663
957	-122.041778	37.601776
958	-122.047134	37.565213
959	-121.944087	37.708649
960	-120.706980	38.486264
961	-120.556312	38.249649
962	-121.790009	38.969018
963	-122.412805	37.788690
964	-122.441851	37.797715
965	-122.396136	37.732472
966	-121.277013	38.746168
967	-122.491739	37.760442
968	-122.484197	37.778626
969	-121.260217	37.952404
970	-121.309280	38.015357
971	-121.288692	38.015144
972	-121.252392	38.129720
973	-121.444804	37.744073
974	-122.251855	37.558157
975	-121.873559	37.285846
976	-122.146324	37.715488
977	-121.788648	37.302351
978	-121.398418	38.477018
979	-121.296648	37.998173
980	-121.918829	37.711539
981	-121.882643	37.657058
982	-121.866269	37.659797
983	-121.865116	37.697543
984	-121.789234	37.649751
985	-121.814503	37.689360
986	-121.800301	37.666355
987	-122.046989	37.460877
988	-120.568449	38.465547
989	-120.366096	36.152535
990	-120.921702	38.482913
991	-120.880477	38.288668
992	-121.836943	39.767592
993	-121.860806	39.777958
994	-120.162291	36.542190
995	-120.475880	36.874901
996	-122.198107	39.752708
997	-121.895243	39.766985
998	-121.864983	39.745102
999	-121.850671	39.737532
1000	-121.856819	39.734941
1001	-121.767429	39.716895
1002	-121.799284	39.750261
1003	-121.833708	39.728579
1004	-121.882136	39.601036
1005	-121.599835	39.826179
1006	-121.612189	39.786375
1007	-121.525894	39.586170
1008	-121.523962	39.519239
1009	-121.617050	39.508610
1010	-120.392604	38.193557
1011	-121.670682	37.994105
1012	-121.583911	37.908203
1013	-121.800302	38.006476
1014	-121.836151	37.990005
1015	-121.870969	38.038532
1016	-121.926998	38.011157
1017	-121.947168	38.036385
1018	-122.127518	38.017024
1019	-122.104205	38.021893
1020	-122.112397	37.971287
1021	-122.089892	37.934306
1022	-121.986877	37.952385
1023	-122.034281	37.967476
1024	-122.043763	37.948438
1025	-122.087436	37.912420
1026	-122.044761	37.894092
1027	-121.927241	37.740271
1028	-121.972263	37.862343
1029	-121.986480	37.821610
1030	-122.255616	37.840975
1031	-122.132476	37.905346
1032	-122.137988	37.877688
1033	-122.068780	37.856422
1034	-122.106214	37.823986
1035	-122.157375	37.828287
1036	-122.180384	37.856833
1037	-121.930391	37.951676
1038	-122.229724	38.021022
1039	-121.843017	37.937526
1040	-121.802074	37.945181
1041	-121.794667	37.976900
1042	-121.904863	37.805308
1043	-121.883732	37.770348
1044	-121.975354	37.995667
1045	-122.257690	37.815330
1046	-122.251939	37.809642
1047	-122.316539	37.923124
1048	-122.230438	37.863975
1049	-122.250494	37.847532
1050	-122.252644	37.983685
1051	-122.339108	37.948600
1052	-122.359561	37.933442
1053	-122.243464	37.804661
1054	-122.284887	37.907162
1055	-122.749166	38.957213
1056	-122.258530	37.804889
1057	-122.238747	37.845100
1058	-122.200983	37.834537
1059	-122.243411	37.799084
1060	-122.229370	37.775014
1061	-122.273716	38.024497
1062	-122.216750	37.787912
1063	-122.212099	37.762302
1064	-122.203843	37.776951
1065	-122.184323	37.804283
1066	-122.207183	37.730122
1067	-122.172184	37.737724
1068	-122.289666	37.809377
1069	-122.309354	37.893062
1070	-122.295301	37.887356
1071	-122.270620	37.882174
1072	-122.287438	37.872944
1073	-122.249979	37.868116
1074	-122.293544	37.864543
1075	-121.073601	38.741989
1076	-121.007198	38.736067
1077	-120.900294	38.722815
1078	-120.763729	38.757144
1079	-122.245484	37.855399
1080	-122.300300	37.839146
1081	-122.289697	37.843641
1082	-122.248535	37.775758
1083	-122.239253	37.754829
1084	-122.272961	37.766989
1085	-122.028339	37.721228
1086	-122.078180	37.693263
1087	-122.146834	37.736858
1088	-122.156899	37.732926
1089	-122.168261	37.718622
1090	-122.174168	37.723775
1091	-120.705251	38.686770
1092	-120.777462	38.654689
1093	-122.123880	37.721179
1094	-122.133139	37.703564
1095	-122.138318	37.708508
1096	-122.155684	37.684283
1097	-122.113168	37.687782
1098	-122.124786	37.698825
1099	-121.975228	37.644558
1100	-122.112663	37.676155
1101	-122.147369	37.672116
1102	-122.068345	37.659511
1103	-122.080910	37.635958
1104	-122.029492	37.621054
1105	-121.986908	37.620905
1106	-122.074029	37.605845
1107	-122.045054	37.543096
1108	-120.216301	36.767054
1109	-120.248056	37.104822
1110	-120.265235	37.112571
1111	-122.542158	38.135948
1112	-121.534177	38.507514
1113	-122.644921	38.116290
1114	-122.494047	38.048684
1115	-122.520915	38.027715
1116	-122.672239	38.015533
1117	-122.565427	37.974719
1118	-122.550003	37.947869
1119	-122.535770	37.936469
1120	-122.501640	37.930359
1121	-122.548264	37.894761
1122	-122.665831	37.925030
1123	-121.544128	38.490712
1124	-121.534089	38.490444
1125	-121.522992	38.487052
1126	-121.498236	38.488709
1127	-121.486532	38.488596
1128	-121.492301	38.475803
1129	-121.446836	38.518853
1130	-121.461197	38.487994
1131	-121.460340	38.478320
1132	-121.390531	38.550541
1133	-121.477497	38.589455
1134	-123.369606	39.418276
1135	-123.142530	39.130554
1136	-120.690325	37.437269
1137	-120.702785	37.408135
1138	-120.728609	37.386292
1139	-120.638133	37.364646
1140	-120.450650	37.312317
1141	-120.475281	37.291455
1142	-120.448849	37.288203
1143	-120.182687	37.206078
1144	-121.610772	36.684691
1145	-121.441813	38.573668
1146	-121.490626	38.576281
1147	-121.439458	38.563248
1148	-121.464048	38.553718
1149	-121.482891	38.553594
1150	-121.517691	38.531427
1151	-120.495197	37.443792
1152	-121.677940	36.669909
1153	-121.656932	36.687811
1154	-121.744661	36.744978
1155	-121.756074	36.766012
1156	-121.651598	36.728706
1157	-121.654556	36.725982
1158	-121.601121	36.689669
1159	-121.615346	36.692633
1160	-121.621918	36.693848
1161	-121.633452	36.550220
1162	-121.507150	36.491961
1163	-121.245195	36.318246
1164	-121.062619	38.885518
1165	-121.206338	38.723391
1166	-121.279595	38.764457
1167	-121.342277	38.762814
1168	-121.322269	38.758604
1169	-121.287035	36.472081
1170	-121.922739	36.559240
1171	-121.945042	36.588391
1172	-121.912558	36.622444
1173	-121.904597	36.610974
1174	-121.785112	36.670780
1175	-121.336934	38.784226
1176	-121.305980	38.765745
1177	-121.219328	38.778683
1178	-121.235692	38.833568
1179	-121.254651	38.778824
1180	-122.369260	38.393716
1181	-121.951006	37.397274
1182	-121.637233	36.654199
1183	-122.298448	38.293519
1184	-122.259476	38.288688
1185	-122.285905	38.303570
1186	-122.344812	38.309997
1187	-121.200823	38.824675
1188	-121.188204	38.862846
1189	-121.272979	38.969315
1190	-121.056933	38.920873
1191	-120.988052	38.998819
1192	-122.423633	38.553308
1193	-121.038152	39.068299
1194	-121.239168	38.764558
1195	-121.280278	38.789984
1196	-121.257472	38.856337
1197	-121.282649	38.873011
1198	-120.216157	39.355739
1199	-121.177316	39.110013
1200	-121.027017	39.256086
1201	-122.092143	38.292984
1202	-122.182766	38.245020
1203	-122.059295	38.274577
1204	-122.025748	38.300290
1205	-121.978400	38.296269
1206	-122.065307	38.230910
1207	-121.952766	37.518977
1208	-121.359192	38.000683
1209	-122.256583	37.445160
1210	-122.360131	37.446246
1211	-122.160568	37.461816
1212	-122.049502	38.264899
1213	-122.020855	38.265996
1214	-121.950935	38.145531
1215	-121.945502	38.273023
1216	-121.944030	38.340265
1217	-121.965340	38.324422
1218	-121.940798	38.321534
1219	-121.972032	38.375057
1220	-121.915980	37.273950
1221	-121.037959	37.676165
1222	-121.941837	37.257929
1223	-122.453749	38.118402
1224	-122.647305	38.274198
1225	-122.647543	38.250080
1226	-122.672127	38.251752
1227	-122.630137	38.344343
1228	-120.953323	37.618038
1229	-120.856261	37.649172
1230	-120.940013	37.564365
1231	-120.942366	37.488885
1232	-121.902465	37.347680
1233	-121.927662	37.328244
1234	-121.870506	37.351306
1235	-121.858978	37.342258
1236	-121.886860	37.323658
1237	-121.909032	37.317798
1238	-121.157249	37.675825
1239	-121.622248	39.088801
1240	-121.677294	39.157921
1241	-121.814511	37.280978
1242	-121.851328	39.207383
1243	-121.820788	37.312744
1244	-122.409536	37.794658
1245	-122.412210	37.787040
1246	-122.418141	37.779652
1247	-122.431400	37.800482
1248	-121.801396	37.318142
1249	-121.787203	37.306538
1250	-121.809920	37.301344
1251	-121.838247	37.329239
1252	-121.839111	37.345839
1253	-121.862044	37.364608
1254	-121.844588	37.377746
1255	-122.726447	38.427031
1256	-123.684731	39.324321
1257	-122.427077	37.792539
1258	-122.438542	37.793851
1259	-122.441629	37.789751
1260	-122.439849	37.786792
1261	-122.450653	37.784394
1262	-121.859513	37.325913
1263	-122.685994	38.406502
1264	-122.659345	38.394218
1265	-122.423539	37.728874
1266	-122.665607	38.450865
1267	-122.747565	38.531245
1268	-122.758799	38.461562
1269	-121.898827	37.421161
1270	-121.915545	37.449930
1271	-122.405270	37.728424
1272	-122.429021	37.719909
1273	-122.454293	37.711600
1274	-121.827132	37.359320
1275	-122.485755	37.786721
1276	-122.429141	37.779775
1277	-122.423732	37.777481
1278	-122.431448	37.767886
1279	-122.408537	37.776951
1280	-122.429953	37.765156
1281	-122.423775	37.759374
1282	-122.426613	37.745522
1283	-121.784996	37.373941
1284	-121.877937	37.383798
1285	-121.871039	37.403632
1286	-121.876139	37.422423
1287	-121.907065	37.458445
1288	-122.840929	38.411889
1289	-122.881731	38.417893
1290	-123.003694	38.531123
1291	-122.476094	37.777350
1292	-122.464495	37.795350
1293	-122.469565	37.756087
1294	-122.452385	37.751424
1295	-122.450245	37.738102
1296	-122.480800	37.762484
1297	-122.478359	37.716681
1298	-122.461724	37.785578
1299	-122.393861	37.772664
1300	-122.473021	37.769805
1301	-121.327689	37.967367
1302	-121.965189	37.400681
1303	-121.945210	37.414386
1304	-121.959016	37.365332
1305	-121.934743	37.347099
1306	-121.988097	37.368320
1307	-121.961332	37.346420
1308	-121.941543	37.333246
1309	-121.983955	37.320835
1310	-121.957937	37.298095
1311	-121.987048	37.279864
1312	-121.003644	37.699347
1313	-123.098195	38.769236
1314	-120.832692	37.771192
1315	-120.942271	37.726282
1316	-120.939985	37.654858
1317	-120.951266	37.672141
1318	-121.256763	37.968202
1319	-121.256297	37.930353
1320	-121.289119	37.928859
1321	-121.307005	37.920808
1322	-121.235538	37.964414
1323	-121.254487	37.917567
1324	-121.324231	38.006544
1325	-121.328123	37.996639
1326	-121.359384	37.981221
1327	-121.331856	38.024283
1328	-121.335429	38.043030
1329	-121.979938	37.270664
1330	-121.935959	37.227257
1331	-121.977380	37.237886
1332	-121.982847	37.255185
1333	-122.055138	37.321244
1334	-122.019111	37.303687
1335	-122.010805	37.315677
1336	-122.026038	37.344019
1337	-122.057058	37.362653
1338	-122.008073	37.369313
1339	-122.004582	37.390691
1340	-120.968040	37.659510
1341	-120.979122	37.655106
1342	-120.988324	37.663385
1343	-121.032601	37.629627
1344	-121.017637	37.630358
1345	-121.018533	37.617785
1346	-120.971792	37.643760
1347	-120.935664	37.644587
1348	-120.925974	37.645632
1349	-120.963365	37.626943
1350	-121.003874	37.610470
1351	-121.349360	38.678752
1352	-121.361554	38.672180
1353	-121.355243	38.025370
1354	-121.251793	38.021503
1355	-121.201152	37.938482
1356	-121.476396	38.159919
1357	-122.076617	37.359250
1358	-122.132165	37.409278
1359	-122.130277	37.426313
1360	-122.163335	37.449068
1361	-122.126158	37.376258
1362	-121.268851	38.121051
1363	-122.164209	37.408179
1364	-121.374638	38.603446
1365	-121.375409	38.624742
1366	-121.392655	38.613235
1367	-121.431558	38.622043
1368	-121.458504	38.601574
1369	-121.507594	38.618254
1370	-121.543298	38.636924
1371	-121.574077	38.697692
1372	-121.428011	38.707665
1373	-121.395106	38.640736
1374	-121.343805	38.151777
1375	-121.258785	38.145773
1376	-121.289750	38.672682
1377	-121.141870	38.670178
1378	-121.106287	38.095914
1379	-120.995458	37.796913
1380	-121.223262	37.802416
1381	-121.869781	37.198846
1382	-121.251620	38.690352
1383	-121.176041	38.702176
1384	-121.165000	38.666943
1385	-121.808105	37.197341
1386	-121.816932	37.248535
1387	-121.811040	37.230992
1388	-121.814287	37.267056
1389	-121.356161	38.722722
1390	-121.342684	38.668780
1391	-121.212780	38.653763
1392	-121.282777	38.638831
1393	-121.259158	38.714634
1394	-121.330809	38.696206
1395	-121.307571	38.682925
1396	-121.630463	37.111513
1397	-121.654944	37.116297
1398	-121.664470	37.124840
1399	-121.571285	36.986525
1400	-121.441406	38.400724
1401	-121.303248	37.823085
1402	-121.229322	37.793446
1403	-121.435496	37.718614
1404	-121.421808	37.752455
1405	-121.444351	37.733865
1406	-121.836273	37.237588
1407	-121.733423	37.176712
1408	-121.673441	37.118643
1409	-121.620982	37.155027
1410	-121.239769	38.626813
1411	-121.296994	38.598134
1412	-121.276951	38.607762
1413	-121.328199	38.585737
1414	-121.295906	38.613788
1415	-121.326316	38.565405
1416	-121.313349	38.547222
1417	-121.317617	38.572168
1418	-121.341501	38.555967
1419	-121.366580	38.565347
1420	-121.355531	38.550382
1421	-121.378111	38.401213
1422	-121.356063	38.468779
1423	-121.285294	38.282927
1424	-122.057954	36.989443
1425	-122.003983	36.971727
1426	-121.769881	36.922174
1427	-121.432270	38.437985
1428	-120.970995	35.684763
1429	-121.782146	36.931773
1430	-121.429115	38.416849
1431	-122.059756	37.028092
1432	-122.012188	37.078274
1433	-121.401819	38.459495
1434	-121.279744	38.413277
1435	-121.151656	38.406450
1436	-121.437558	38.454760
1437	-122.462411	37.704822
1438	-122.478858	37.692496
1439	-121.991030	37.028373
1440	-121.751177	36.949577
1441	-121.684859	36.936748
1442	-121.399275	38.314901
1443	-122.469784	37.669541
1444	-121.339845	36.888360
1445	-121.389911	36.854498
1446	-122.419678	37.669138
1447	-122.407028	37.661952
1448	-122.418508	37.656619
1449	-122.406967	37.650502
1450	-122.483788	37.658694
1451	-122.484415	37.635699
1452	-122.482218	37.618122
1453	-122.324111	37.540255
1454	-122.299576	37.546162
1455	-122.303110	37.570221
1456	-122.486817	37.582694
1457	-122.415693	37.612816
1458	-122.406650	37.593987
1459	-122.379341	37.581597
1460	-122.335361	37.572215
1461	-122.321954	37.572830
1462	-122.206661	37.771634
1463	-122.269556	37.542397
1464	-122.289626	37.536190
1465	-122.187414	38.129490
1466	-121.535741	38.549159
1467	-122.303205	37.503765
1468	-122.278594	37.501762
1469	-122.253110	37.471727
1470	-122.225845	37.471371
1471	-122.254628	37.459450
1472	-122.170078	37.473637
1473	-122.129497	37.476851
1474	-121.574324	39.158224
1475	-122.200355	38.089700
1476	-122.203550	38.074475
1477	-122.262567	38.110609
1478	-122.277984	38.149615
1479	-121.777393	38.537564
1480	-121.793658	38.551192
1481	-122.120826	38.102496
1482	-121.758581	38.571162
1483	-121.722728	38.556105
1484	-122.061554	37.626638
1485	-121.553091	39.100206
1486	-121.791128	38.672106
1487	-121.791185	38.666763
1488	-121.755682	38.678743
1489	-121.562319	39.001596
1490	-121.397512	39.116088
1491	-120.168763	39.168955
1492	-122.022951	37.600499
1493	-120.397607	37.988915
1494	-121.520284	38.644112
1495	-121.989652	36.965553
1496	-121.795158	38.659524
1497	-120.354796	36.138985
1498	-122.281215	37.832791
1499	-122.266362	37.780418
1500	-120.563614	36.547469
1501	-120.639937	36.892021
1502	-122.483610	39.611233
1503	-121.964652	39.526107
1504	-122.294697	37.838779
1505	-121.728513	37.684005
1506	-120.159787	35.876866
1507	-122.853379	39.107800
1508	-122.655128	38.987491
1509	-122.545158	38.882369
1510	-122.284694	37.777640
1511	-122.259391	37.858663
1512	-122.268178	37.851040
1513	-122.301952	37.864249
1514	-122.278243	37.874489
1515	-122.260440	37.877742
1516	-122.283831	37.857773
1517	-122.269789	37.771453
1518	-122.281586	37.850226
1519	-122.152310	37.747114
1520	-122.155961	37.745298
1521	-122.162846	37.741053
1522	-122.291306	37.895304
1523	-122.287380	37.887019
1524	-122.281984	37.890143
1525	-122.278035	37.881111
1526	-122.241798	37.814784
1527	-122.249611	37.829787
1528	-122.216586	37.847115
1529	-122.217123	37.827616
1530	-122.189364	37.820909
1531	-122.220586	37.805459
1532	-122.249822	37.796853
1533	-122.246009	37.793517
1534	-122.250590	37.787866
1535	-122.231333	37.785483
1536	-122.222019	37.795123
1537	-122.208317	37.793072
1538	-122.219053	37.778555
1539	-122.185197	37.789145
1540	-122.175701	37.774812
1541	-122.188708	37.769182
1542	-122.188538	37.754057
1543	-122.173013	37.753067
1544	-122.166794	37.756159
1545	-122.254900	38.007621
1546	-122.285769	37.980992
1547	-122.317020	37.994384
1548	-122.070888	37.635640
1549	-122.038956	37.619127
1550	-122.060502	37.617589
1551	-122.048181	37.591783
1552	-122.029200	37.590052
1553	-122.085991	37.580005
1554	-122.004355	37.571383
1555	-122.040062	37.574946
1556	-122.039486	37.582180
1557	-122.008567	37.489450
1558	-121.764089	37.673220
1559	-122.277631	37.795824
1560	-120.892491	38.369088
1561	-120.653266	38.393330
1562	-121.964986	37.553633
1563	-122.005268	37.548352
1564	-121.927742	37.508403
1565	-121.904862	37.527242
1566	-121.913183	37.472928
1567	-122.035802	37.549743
1568	-122.055045	37.511408
1569	-121.825340	39.758223
1570	-121.936920	37.652263
1571	-122.060594	37.952566
1572	-121.954435	39.745403
1573	-121.581446	39.758100
1574	-121.887489	37.705987
1575	-121.931554	37.710797
1576	-121.526075	39.436894
1577	-122.301194	37.785417
1578	-121.802772	37.574455
1579	-121.662822	39.697957
1580	-121.540237	39.493683
1581	-121.570753	39.473082
1582	-122.094019	37.759780
1583	-122.106401	37.722076
1584	-122.097447	37.704042
1585	-122.082044	37.698587
1586	-122.046288	37.654763
1587	-122.035413	37.636952
1588	-121.837661	37.661131
1589	-121.848723	37.719446
1590	-121.668041	37.594326
1591	-121.771876	39.445266
1592	-122.101272	37.988337
1593	-120.643791	37.990028
1594	-122.092319	37.667010
1595	-122.085387	37.651273
1596	-122.112896	37.642114
1597	-122.087952	37.642766
1598	-122.094729	37.975989
1599	-122.071576	37.951623
1600	-120.836652	38.205599
1601	-120.318786	38.235309
1602	-122.160452	38.019564
1603	-122.121930	38.006092
1604	-122.056844	37.979449
1605	-122.024064	37.990246
1606	-121.999899	37.981341
1607	-121.982325	39.024362
1608	-122.084129	37.884654
1609	-122.038059	37.903515
1610	-121.673904	37.935180
1611	-122.004194	39.191462
1612	-121.718643	38.016316
1613	-122.052003	37.869084
1614	-122.041077	37.966582
1615	-122.017329	37.958454
1616	-122.046402	37.941687
1617	-122.031679	37.930627
1618	-122.047954	37.920013
1619	-122.018752	37.907686
1620	-121.604113	37.847380
1621	-121.608223	37.905889
1622	-121.827749	38.014035
1623	-121.831621	37.994726
1624	-121.796825	37.990545
1625	-121.867531	38.014106
1626	-121.882025	38.004797
1627	-122.032208	37.887428
1628	-121.977306	37.795092
1629	-122.427563	37.726385
1630	-122.410542	37.722696
1631	-121.928156	37.765751
1632	-121.964129	37.797600
1633	-121.991776	37.781622
1634	-122.034102	37.834510
1635	-121.965996	37.845247
1636	-121.926877	38.016803
1637	-121.916415	38.032131
1638	-121.968433	38.042446
1639	-122.439593	37.713864
1640	-121.953750	37.821296
1641	-121.916682	37.765619
1642	-121.893827	37.747203
1643	-121.966931	37.938391
1644	-122.212784	37.951488
1645	-122.285481	38.014065
1646	-122.420209	37.734193
1647	-122.444589	37.709681
1648	-122.455895	37.758529
1649	-122.467854	37.763050
1650	-122.470177	37.752124
1651	-122.330338	37.940684
1652	-122.355258	37.948571
1653	-122.388218	37.940210
1654	-122.342309	37.912182
1655	-122.335052	37.930903
1656	-122.295596	37.923829
1657	-122.306790	37.917124
1658	-122.298070	37.901644
1659	-122.276302	37.909719
1660	-121.827564	37.343669
1661	-120.970586	38.582254
1662	-120.958684	38.688281
1663	-121.255172	38.724311
1664	-121.295068	38.728567
1665	-121.299283	38.783310
1666	-121.319808	38.767195
1667	-121.076920	38.892425
1668	-121.379966	38.864318
1669	-121.065614	38.982528
1670	-120.940508	38.631266
1671	-121.010513	38.676771
1672	-120.934100	38.774116
1673	-120.687457	38.751566
1674	-122.415807	37.783144
1675	-121.021817	39.009012
1676	-120.625884	38.731465
1677	-122.431704	37.806828
1678	-120.877170	38.591666
1679	-121.047830	38.667549
1680	-121.072425	38.907240
1681	-121.143574	38.889840
1682	-122.438956	37.769557
1683	-121.124361	38.786392
1684	-121.241547	38.729069
1685	-122.237882	37.738843
1686	-122.399294	37.799689
1687	-122.410215	37.799144
1688	-122.413442	37.793177
1689	-122.404929	37.790316
1690	-122.409916	37.791087
1691	-122.411948	37.785734
1692	-122.410909	37.779699
1693	-121.229219	37.818911
1694	-122.401823	37.782116
1695	-122.330981	37.784420
1696	-122.444054	37.758993
1697	-122.445208	37.752307
1698	-122.419153	37.759496
1699	-122.430425	37.754265
1700	-122.429408	37.749387
1701	-122.438464	37.745335
1702	-122.429867	37.737365
1703	-122.406246	37.759216
1704	-122.410747	37.751426
1705	-122.402073	37.734257
1706	-122.414468	37.743892
1707	-122.421551	37.737591
1708	-121.288451	37.818449
1709	-121.028218	37.776338
1710	-122.487043	37.732139
1711	-121.248743	37.716223
1712	-121.224701	37.782825
1713	-121.495387	37.717762
1714	-121.365700	37.785423
1715	-121.443785	37.750614
1716	-121.421969	37.731682
1717	-121.285257	37.719181
1718	-122.479755	37.719314
1719	-121.473835	37.602365
1720	-122.504795	37.742048
1721	-122.165755	37.487701
1722	-122.469235	37.784567
1723	-122.421915	37.622417
1724	-122.146014	37.467027
1725	-122.186082	37.443701
1726	-122.194161	37.435071
1727	-122.210497	37.472262
1728	-122.409885	37.623598
1729	-122.371269	37.592005
1730	-122.416428	37.687487
1731	-122.456161	37.697532
1732	-122.491143	37.677029
1733	-122.215623	37.445104
1734	-122.186631	37.466754
1735	-122.344940	37.567675
1736	-122.205007	37.423604
1737	-122.216238	37.376926
1738	-122.488241	37.690917
1739	-122.465667	37.687704
1740	-122.478627	37.669026
1741	-122.470723	37.657554
1742	-122.455581	37.662673
1743	-122.406448	37.628033
1744	-122.418731	37.601238
1745	-122.387677	37.579458
1746	-122.331795	37.581375
1747	-122.293934	37.572573
1748	-122.326385	37.562430
1749	-122.338780	37.528460
1750	-122.345319	37.523002
1751	-122.312061	37.532812
1752	-122.313714	37.544192
1753	-122.259472	37.551835
1754	-122.262880	37.541465
1755	-122.284146	37.545720
1756	-122.311310	37.516922
1757	-122.234508	37.467685
1758	-122.283183	37.497465
1759	-122.269055	37.463246
1760	-122.248619	37.480231
1761	-122.242172	37.484518
1762	-122.278003	37.408733
1763	-122.294931	37.326955
1764	-122.488786	37.782562
1765	-121.265642	38.856846
1766	-121.260901	38.875182
1767	-121.315895	38.859334
1768	-122.468492	37.777376
1769	-120.942861	39.935874
1770	-122.491327	37.753211
1771	-122.466901	37.748332
1772	-122.456780	37.743492
1773	-122.453361	37.719216
1774	-122.468507	37.719215
1775	-122.456728	37.715132
1776	-122.482154	37.752696
1777	-122.496623	37.777032
1778	-122.504673	37.779552
1779	-122.491768	37.725047
1780	-122.390871	37.736915
1781	-122.398812	37.753886
1782	-123.006848	37.698481
1783	-122.418494	37.717308
1784	-121.298937	37.952464
1785	-121.290130	37.943984
1786	-121.319050	37.939805
1787	-121.327516	37.978197
1788	-121.299618	37.985564
1789	-121.256882	37.975839
1790	-121.279386	37.926174
1791	-121.356474	38.023593
1792	-121.317327	38.023914
1793	-121.301750	37.996534
1794	-121.301486	38.025344
1795	-121.294907	38.006642
1796	-121.178209	38.021109
1797	-121.315965	38.168383
1798	-121.297987	38.122947
1799	-121.298788	38.107273
1800	-121.467009	37.911602
1801	-121.146784	38.164920
1802	-121.106938	38.244528
1803	-121.051111	38.038220
1804	-121.978590	36.997283
1805	-121.970280	36.964376
1806	-121.918703	37.026297
1807	-121.930618	36.986580
1808	-121.876156	36.980028
1809	-121.810768	36.903044
1810	-121.442909	38.552226
1811	-121.364410	36.805996
1812	-121.376752	38.687092
1813	-121.805883	37.010871
1814	-121.476553	38.562228
1815	-121.410230	38.577588
1816	-121.406716	38.585184
1817	-121.358979	38.581379
1818	-121.341716	38.586199
1819	-121.390749	38.625413
1820	-121.408372	38.620130
1821	-121.419822	38.642707
1822	-121.442457	38.623073
1823	-121.455532	38.616446
1824	-122.017370	37.344397
1825	-122.058318	37.343073
1826	-122.041587	37.355535
1827	-122.041317	37.364942
1828	-121.359553	38.687069
1829	-122.002588	37.361297
1830	-122.030838	37.372898
1831	-122.006362	37.380537
1832	-122.061214	37.379454
1833	-122.056913	37.398982
1834	-122.079773	37.389867
1835	-121.509745	38.555384
1836	-121.446194	38.660869
1837	-121.460840	38.682336
1838	-122.072083	37.369616
1839	-121.473745	38.629728
1840	-121.553067	38.644875
1841	-121.542423	38.621719
1842	-121.492574	38.644116
1843	-121.526633	38.673467
1844	-121.503091	38.676283
1845	-121.571814	38.660444
1846	-121.482953	38.548227
1847	-122.094501	37.383973
1848	-122.100999	37.371684
1849	-122.115923	37.375290
1850	-122.121451	37.392660
1851	-122.133493	37.446637
1852	-122.158091	37.422517
1853	-122.098537	37.353856
1854	-121.317306	38.673054
1855	-121.435162	38.543039
1856	-121.815021	37.343470
1857	-121.393877	38.714127
1858	-121.376761	38.720929
1859	-121.355865	38.712198
1860	-121.337717	38.631455
1861	-121.336117	38.601344
1862	-121.302746	38.642977
1863	-121.259117	38.659410
1864	-121.302367	38.698489
1865	-121.326637	38.681743
1866	-121.332561	38.666323
1867	-121.395156	38.560306
1868	-121.892079	37.359189
1869	-122.129597	37.353562
1870	-121.855020	37.221189
1871	-121.891223	37.228287
1872	-121.884441	37.244177
1873	-121.767951	37.255246
1874	-121.868800	37.260516
1875	-121.858934	37.252950
1876	-121.824515	37.230315
1877	-121.794289	37.233117
1878	-121.454933	38.579274
1879	-121.487878	38.572203
1880	-121.459549	38.568207
1881	-121.432680	38.535805
1882	-121.489870	38.524133
1883	-121.478504	38.533619
1884	-121.846741	37.361920
1885	-121.849838	37.383724
1886	-121.828379	37.374106
1887	-121.814907	37.364710
1888	-121.819531	37.382692
1889	-121.854830	37.388993
1890	-121.871996	37.386519
1891	-121.892346	37.376342
1892	-121.868535	37.372686
1893	-121.882699	37.399370
1894	-121.898175	37.441130
1895	-121.870404	37.425633
1896	-121.629184	37.030269
1897	-121.429292	38.587245
1898	-121.427523	38.603644
1899	-121.512493	38.501054
1900	-121.524871	38.509262
1901	-121.448396	38.486463
1902	-121.420503	38.561796
1903	-121.906679	37.340453
1904	-121.883757	37.335032
1905	-121.878642	37.347626
1906	-121.866221	37.345671
1907	-121.875796	37.330111
1908	-121.847235	37.430929
1909	-121.865941	37.458622
1910	-121.964569	37.359550
1911	-121.991330	37.360983
1912	-121.986023	37.342217
1913	-121.946463	37.351020
1914	-121.956294	37.330324
1915	-121.971971	37.331031
1916	-121.991871	37.301764
1917	-121.986179	37.313894
1918	-121.974764	37.303598
1919	-121.931153	37.321983
1920	-121.925143	37.312953
1921	-121.920654	37.298569
1922	-121.915770	37.289879
1923	-121.926982	37.286960
1924	-121.938618	37.271200
1925	-121.923186	37.256191
1926	-121.898504	37.263750
1927	-121.885597	37.251225
1928	-121.884512	37.268192
1929	-121.945703	37.302469
1930	-121.949436	37.275326
1931	-121.970698	37.289545
1932	-121.963202	37.276103
1933	-121.954589	37.241926
1934	-121.988473	37.218858
1935	-121.967420	37.248335
1936	-122.005593	37.259506
1937	-122.017395	37.288622
1938	-121.821736	37.290505
1939	-121.833551	37.311458
1940	-121.837284	37.302079
1941	-121.769699	37.353151
1942	-121.774261	37.332043
1943	-121.763982	37.326431
1944	-122.402249	37.721503
1945	-121.772226	37.282141
1946	-121.804682	37.306911
1947	-122.058203	37.272075
1948	-122.063853	37.297992
1949	-122.029388	37.302764
1950	-121.840093	37.333023
1951	-122.412392	37.713140
1952	-121.853121	37.344961
1953	-120.374468	39.235251
1954	-121.156167	37.727044
1955	-122.494314	37.541794
1956	-121.277513	38.671990
1957	-121.283947	38.716329
1958	-121.255321	38.686965
1959	-121.235936	38.700376
1960	-121.205078	38.703254
1961	-121.151905	38.681334
1962	-121.174599	38.675317
1963	-121.182312	38.651657
1964	-121.124915	38.677041
1965	-121.516292	37.009689
1966	-121.571332	37.015594
1967	-121.996635	36.998087
1968	-122.064562	36.974169
1969	-122.016050	36.974180
1970	-122.027041	36.966848
1971	-121.742121	36.921761
1972	-121.770409	36.906196
1973	-121.120385	38.667968
1974	-121.247709	38.630069
1975	-121.236276	38.552052
1976	-121.297161	38.470921
1977	-121.316776	38.468199
1978	-121.769572	36.931105
1979	-121.792383	36.938096
1980	-122.160476	37.087446
1981	-122.087213	37.078625
1982	-122.001246	38.352440
1983	-121.133739	38.293797
1984	-121.271069	38.261650
1985	-121.428810	38.402597
1986	-121.428448	38.387893
1987	-121.408108	38.429392
1988	-121.375427	36.831930
1989	-122.036779	37.098060
1990	-121.847926	38.442692
1991	-121.939671	38.260105
1992	-121.899200	37.084458
1993	-122.031033	38.247292
1994	-121.999778	38.248518
1995	-122.035863	38.426245
1996	-122.233433	38.136331
1997	-122.439668	38.320688
1998	-122.527814	38.308180
1999	-121.604370	38.694925
2000	-122.227662	38.148419
2001	-122.641207	38.265881
2002	-122.630512	38.202458
2003	-122.654590	38.243310
2004	-122.905677	38.478114
2005	-122.046566	38.576643
2006	-122.808316	38.048855
2007	-121.421576	39.150014
2008	-122.642779	38.518446
2009	-123.012527	38.478045
2010	-122.741601	38.579655
2011	-122.826754	38.616148
2012	-122.177745	38.058994
2013	-122.194526	38.105312
2014	-122.987737	38.377329
2015	-121.879663	36.495520
2016	-122.166765	38.062509
2017	-121.384006	36.573685
2018	-121.081012	37.545072
2019	-122.105874	39.901166
2020	-122.221065	38.234600
2021	-122.351021	38.378088
2022	-122.217463	38.072369
2023	-122.243671	38.088829
2024	-122.258202	38.101804
2025	-122.472707	38.475511
2026	-122.544918	38.606871
2027	-122.250243	38.112155
2028	-122.267777	38.117347
2029	-122.141055	38.156966
2030	-121.110939	39.169229
2031	-120.322731	37.928010
2032	-121.007950	37.601953
2033	-120.966034	37.604479
2034	-120.966709	37.616062
2035	-120.639189	37.684822
2036	-120.919430	37.603401
2037	-121.144944	37.468321
2038	-120.789480	37.512163
2039	-120.861908	37.471562
2040	-120.834196	37.491299
2041	-120.834965	37.513352
2042	-121.621379	39.156982
2043	-121.612047	39.134576
2044	-121.612809	39.121563
2045	-121.656982	39.119812
2046	-121.655409	39.099124
2047	-121.637071	39.167974
2048	-121.677019	39.234479
2049	-122.703153	38.314878
2050	-122.707064	38.321130
2051	-122.699184	38.357485
2052	-122.684873	38.338497
2053	-122.681665	38.327295
2054	-121.538721	38.884144
2055	-122.214106	39.921591
2056	-122.731775	38.439169
2057	-122.624679	38.414413
2058	-122.598762	38.421796
2059	-122.655979	38.463635
2060	-122.775521	38.498160
2061	-122.749244	38.457172
2062	-122.803497	38.474622
2063	-122.799205	38.430583
2064	-122.734254	38.418665
2065	-122.775297	38.390580
2066	-122.304409	38.335672
2067	-122.319113	38.315097
2068	-122.801779	38.383818
2069	-122.331540	38.332517
2070	-122.326135	38.295138
2071	-122.794675	38.340043
2072	-122.881187	38.343488
2073	-123.016771	38.809442
2074	-122.280449	38.203429
2075	-120.795008	37.840530
2076	-121.058461	37.737440
2077	-120.949070	37.659617
2078	-122.478840	38.507866
2079	-121.051693	39.120025
2080	-121.098936	39.075290
2081	-121.069833	39.236110
2082	-121.766356	38.659532
2083	-121.030470	39.215683
2084	-120.261070	39.337370
2085	-120.179978	39.343211
2086	-121.740738	38.671193
2087	-121.594081	39.148515
2088	-121.587581	39.106947
2089	-121.544703	39.087267
2090	-121.404566	39.034638
2091	-120.494411	37.308784
2092	-120.477447	37.305433
2093	-120.451755	37.305483
2094	-120.478371	37.282221
2095	-120.419841	37.347948
2096	-120.353936	37.380364
2097	-120.822425	37.061707
2098	-120.621570	36.979415
2099	-120.423356	37.293953
2100	-121.622863	36.729860
2101	-121.620767	36.714424
2102	-121.633039	36.682304
2103	-121.609541	36.687409
2104	-121.655782	36.675390
2105	-122.540259	38.104853
2106	-121.669307	36.688958
2107	-121.768617	36.875215
2108	-121.693504	36.844433
2109	-121.675194	36.816598
2110	-121.918775	36.551278
2111	-121.913836	36.619224
2112	-121.929965	36.625444
2113	-121.800029	36.711201
2114	-122.584460	38.097185
2115	-122.560679	38.089919
2116	-122.518935	38.055286
2117	-122.496407	38.003640
2118	-122.589790	38.035371
2119	-122.550286	37.984192
2120	-122.537231	37.969948
2121	-122.501421	37.960072
2122	-121.818813	36.576487
2123	-121.855713	36.594656
2124	-121.798244	36.653033
2125	-121.749575	36.837087
2126	-122.274750	38.288226
2127	-122.522474	37.901559
2128	-121.572596	38.545705
2129	-121.556289	38.512867
2130	-122.593319	37.972497
2131	-122.530657	37.945496
2132	-122.522087	37.950875
2133	-122.524204	37.925107
2134	-122.463675	37.874548
2135	-122.541224	37.912869
2136	-122.530260	37.870966
2137	-122.500051	37.866830
2138	-123.800327	39.429474
2139	-123.232535	39.144767
2140	-120.785491	37.406677
2141	-120.373715	37.994806
2142	-120.478735	37.318572
2143	-120.555571	37.327396
2144	-122.915693	39.050410
2145	-121.935687	37.305973
2146	-121.939506	37.280421
2147	-121.851525	37.327289
2148	-121.831111	37.305611
2149	-121.797473	37.341762
2150	-121.792499	37.334028
2151	-121.743600	37.284015
2152	-121.867823	37.358593
2153	-121.835741	37.382815
2154	-121.827585	37.412804
2155	-122.091441	37.437321
2156	-122.491259	38.321641
2157	-122.018102	37.528855
2158	-122.467647	38.342835
2159	-122.556295	38.467315
2160	-122.664158	38.478140
2161	-122.734268	38.434857
2162	-121.913950	37.723531
2163	-122.828784	38.384348
2164	-122.780612	38.533485
2165	-120.986282	37.699172
2166	-121.048947	37.662299
2167	-120.985045	37.683583
2168	-120.993194	37.650938
2169	-122.021904	37.401541
2170	-121.923353	37.390913
2171	-121.924413	37.365580
2172	-121.971074	37.281902
2173	-121.937710	37.246951
2174	-122.293843	37.913957
2175	-121.023224	37.616998
2176	-121.882963	37.671834
2177	-120.917382	37.641838
2178	-120.953264	37.603019
2179	-121.126089	37.474289
2180	-121.629961	39.118394
2181	-121.639136	39.153600
2182	-122.087888	39.983566
2183	-120.986812	38.663038
2184	-121.869697	37.671559
2185	-121.519646	38.591645
2186	-121.784370	37.691132
2187	-122.316559	37.803922
2188	-120.752924	38.323387
2189	-121.644123	39.757082
2190	-121.506479	39.489144
2191	-120.759492	38.101418
2192	-121.740169	37.894763
2193	-121.787517	38.009120
2194	-121.815509	37.986663
2195	-121.864486	38.004042
2196	-121.925313	37.993632
2197	-122.027721	38.034521
2198	-122.077495	37.960524
2199	-122.048331	37.958161
2200	-122.018796	37.919342
2201	-122.291190	37.943403
2202	-122.022285	37.809100
2203	-122.120675	37.930154
2204	-122.064766	37.864567
2205	-122.140156	37.855361
2206	-121.907984	37.788829
2207	-122.256611	38.043270
2208	-122.278647	38.010340
2209	-122.331036	37.971847
2210	-122.357276	37.929098
2211	-120.808944	38.693365
2212	-122.265884	37.848445
2213	-122.273573	37.831222
2214	-122.208582	37.811888
2215	-122.230610	37.798070
2216	-122.200851	37.802896
2217	-122.197171	37.769618
2218	-122.186452	37.781681
2219	-122.182966	37.766002
2220	-122.179267	37.745421
2221	-122.030776	37.236846
2222	-122.055565	37.334644
2223	-122.080500	37.339381
2224	-122.276124	37.898044
2225	-122.241910	37.824219
2226	-122.066397	37.681115
2227	-122.101444	37.674791
2228	-122.065329	37.671621
2229	-122.149600	37.452190
2230	-121.765547	37.724462
2231	-122.393935	37.607220
2232	-121.930665	37.167330
2233	-121.866727	37.245678
2234	-121.637325	37.098985
2235	-121.823728	38.450750
2236	-122.112489	37.611213
2237	-121.929252	37.531065
2238	-121.605870	37.063846
2239	-121.590069	36.981288
2240	-122.164900	37.428082
2241	-122.061844	36.956252
2242	-122.138051	37.133393
2243	-121.878409	36.956986
2244	-122.346899	37.545708
2245	-122.323218	37.523231
2246	-122.288602	37.562597
2247	-122.276124	37.558672
2248	-122.287636	37.520458
2249	-122.263778	37.495810
2250	-122.281538	37.483743
2251	-122.203537	37.431372
2252	-121.967263	38.353138
2253	-121.783893	38.186095
2254	-121.723385	38.540710
2255	-121.788991	38.689464
2256	-121.571421	39.128560
2257	-121.605906	36.697098
2258	-121.926055	36.612221
2259	-121.886695	36.591242
2260	-120.126548	37.104334
2261	-120.155856	36.988387
2262	-122.590902	38.115877
2263	-122.602197	38.006388
2264	-123.201471	39.154759
2265	-121.674120	36.585523
2266	-120.572063	37.432805
2267	-120.513550	37.297525
2268	-120.646809	37.065255
2269	-121.849184	36.614245
2270	-121.754569	36.617045
2271	-121.774049	36.703574
2272	-122.271967	38.312094
2273	-122.456940	38.503257
2274	-121.082528	39.209598
2275	-121.847540	38.002309
2276	-121.346088	38.778009
2277	-121.231741	38.794364
2278	-121.261074	38.804882
2279	-121.285762	38.896462
2280	-120.952637	39.067535
2281	-122.492381	37.906565
2282	-121.475131	38.422891
2283	-121.459819	38.542834
2284	-121.525499	38.481200
2285	-121.476525	38.490052
2286	-121.423800	38.505445
2287	-121.441389	38.478949
2288	-121.398627	38.543764
2289	-121.359943	38.637852
2290	-121.520723	38.663542
2291	-121.377418	38.679969
2292	-121.379338	38.712452
2293	-121.134935	38.641839
2294	-121.277505	38.622012
2295	-121.304807	38.574305
2296	-121.371176	38.562895
2297	-121.337537	38.616513
2298	-121.316837	38.657315
2299	-121.260715	38.645067
2300	-121.318562	38.711622
2301	-121.208403	38.685005
2302	-121.345445	38.416793
2303	-121.551436	38.254211
2304	-122.020330	37.362053
2305	-122.092442	37.406181
2306	-121.362978	38.009310
2307	-122.004385	37.507969
2308	-122.393696	37.787289
2309	-121.330324	37.958135
2310	-121.244409	37.936570
2311	-122.422864	37.805269
2312	-122.433327	37.791008
2313	-122.429552	37.783447
2314	-122.429281	37.771806
2315	-122.420357	37.769630
2316	-122.413962	37.751279
2317	-122.420684	37.743632
2318	-122.436198	37.728285
2319	-122.432352	37.723291
2320	-122.416388	37.709426
2321	-122.459834	37.763834
2322	-122.458022	37.728479
2323	-122.497499	37.742462
2324	-121.325900	37.983188
2325	-121.382103	38.027432
2326	-121.307438	38.002349
2327	-121.219988	37.989364
2328	-121.106553	37.771351
2329	-121.475717	37.784847
2330	-122.452989	37.705035
2331	-121.628058	39.920715
2332	-122.268127	37.859559
2333	-121.199111	38.668199
2334	-121.372850	38.269807
2335	-121.945615	36.980228
2336	-121.983256	38.324327
2337	-122.585525	38.005222
2338	-120.909624	37.335055
2339	-122.415605	37.535932
2340	-122.411034	37.783069
2341	-121.860787	37.026565
2342	-122.189933	37.794031
2343	-122.376106	37.735049
2344	-122.461523	37.777791
2345	-122.349706	37.576660
2346	-122.251741	37.826369
2347	-122.255505	37.798448
2348	-122.166257	37.771239
2349	-122.276746	37.859334
2350	-122.284479	37.771494
2351	-122.085033	37.722475
2352	-122.224238	37.479299
2353	-122.089507	37.627894
2354	-121.987998	37.577988
2355	-121.974915	37.563715
2356	-121.890415	37.719656
2357	-121.840057	37.725979
2358	-121.776592	37.672080
2359	-122.292539	38.004487
2360	-120.734213	38.402526
2361	-121.351299	38.614463
2362	-121.900027	37.407964
2363	-122.001809	37.316302
2364	-121.425064	36.859825
2365	-121.584595	39.693433
2366	-121.971271	39.277952
2367	-122.222140	37.886595
2368	-121.826414	37.843511
2369	-121.046378	38.695840
2370	-122.006195	37.346402
2371	-120.574480	38.766224
2372	-122.193746	39.518694
2373	-122.005641	39.729298
2374	-121.882305	37.440138
2375	-121.943639	37.343059
2376	-121.955468	37.211896
2377	-122.086187	37.369003
2378	-122.174463	37.438562
2379	-120.301737	38.027450
2380	-122.911847	38.513094
2381	-121.266710	38.669815
2382	-121.188717	38.687141
2383	-121.214210	38.572665
2384	-121.364362	38.394829
2385	-121.391583	38.448831
2386	-121.297086	38.362416
2387	-122.267759	38.136812
2388	-122.166684	38.075769
2389	-121.950142	38.357508
2390	-121.754540	36.911434
2391	-122.966262	39.047706
2392	-122.879435	38.977609
2393	-121.929814	37.891275
2394	-121.953844	37.583871
2395	-121.992733	37.529266
2396	-121.924484	37.490043
2397	-120.575506	38.712978
2398	-121.808717	38.464527
2399	-122.537857	38.386033
2400	-122.666137	38.209385
2401	-122.256196	37.884644
2402	-121.745527	37.311216
2403	-122.248955	37.862051
2404	-122.566393	38.062797
2405	-122.565050	37.963896
2406	-122.431126	37.862268
2407	-121.893989	37.304598
2408	-121.841593	37.324247
2409	-121.894538	37.692785
2410	-121.626445	39.815964
2411	-121.395866	38.593181
2412	-121.374252	38.634631
2413	-122.168604	40.083592
2414	-121.780889	37.686450
2415	-122.271898	38.390448
2416	-121.873323	37.980814
2417	-120.381422	36.793211
2418	-122.361650	37.939612
2419	-121.649932	39.353683
2420	-122.343812	37.991154
2421	-122.227880	37.822417
2422	-122.061549	37.722644
2423	-122.083050	37.684428
2424	-122.137795	37.669626
2425	-120.947055	37.587403
2426	-120.875490	37.615643
2427	-120.857170	37.525751
2428	-121.605401	39.095972
2429	-122.312844	38.332683
2430	-122.272454	38.270531
2431	-122.061165	37.643676
2432	-121.069625	39.146658
2433	-121.008684	39.160599
2434	-122.282173	37.811929
2435	-122.234991	37.835627
2436	-122.235142	37.788113
2437	-122.202869	37.788025
2438	-122.159511	37.787654
2439	-122.045415	38.245639
2440	-121.542327	39.133422
2441	-122.425321	37.773491
2442	-122.418842	37.752273
2443	-122.387902	37.760548
2444	-121.294755	37.905798
2445	-121.286252	38.149020
2446	-121.120897	37.733985
2447	-121.244450	37.840780
2448	-122.256154	37.528047
2449	-121.194653	38.727271
2450	-121.113310	38.951920
2451	-122.479638	37.700195
2452	-122.460848	37.655670
2453	-122.372718	37.566756
2454	-122.317782	37.552569
2455	-122.267222	37.507167
2456	-122.180167	37.456985
2457	-121.761525	38.667825
2458	-122.464945	37.523414
2459	-120.757968	37.365248
2460	-122.407975	37.802289
2461	-120.203440	39.114108
2462	-121.327662	38.906851
2463	-122.467995	37.727221
2464	-122.506583	37.756240
2465	-122.393696	37.713334
2466	-122.390475	37.744490
2467	-121.350421	37.966902
2468	-122.712597	38.441633
2469	-122.701142	38.479627
2470	-122.760418	38.470384
2471	-122.724917	38.391411
2472	-120.856306	37.064581
2473	-120.931369	37.737179
2474	-121.002570	37.679823
2475	-120.943008	37.678264
2476	-121.631352	36.676863
2477	-121.673014	36.660390
2478	-121.922712	36.547423
2479	-121.896964	36.600733
2480	-121.949316	37.773144
2481	-120.849418	38.754792
2482	-122.109506	37.998822
2483	-122.071981	37.933362
2484	-121.980154	37.955261
2485	-122.067528	37.924576
2486	-122.011684	37.877756
2487	-122.268172	37.968437
2488	-121.804949	37.262899
2489	-121.912353	37.437261
2490	-122.075348	37.314406
2491	-120.940128	37.650091
2492	-121.284848	37.917126
2493	-121.340638	38.006062
2494	-121.334104	38.017038
2495	-122.448253	37.774373
2496	-122.436880	37.759763
2497	-122.413016	37.736802
2498	-122.432077	37.711328
2499	-122.457113	37.722086
2500	-121.277953	37.889749
2501	-121.202028	37.800436
2502	-122.434430	37.702918
2503	-122.460594	37.646549
2504	-122.503196	37.590026
2505	-122.425308	37.633806
2506	-121.651472	36.693485
2507	-121.831552	36.618534
2508	-121.170245	38.797693
2509	-121.421628	38.616943
2510	-122.330176	37.553205
2511	-122.252955	37.489783
2512	-122.241424	37.539847
2513	-122.142706	37.457996
2514	-121.816931	37.273050
2515	-121.844206	37.240122
2516	-121.602678	37.134917
2517	-121.460335	38.533319
2518	-121.429133	38.678281
2519	-122.194808	37.799212
2520	-122.053118	37.687833
2521	-121.902657	37.249381
2522	-121.789167	37.320636
2523	-121.802820	37.349284
2524	-121.820661	37.368925
2525	-121.991950	37.400813
2526	-121.945206	37.406171
2527	-121.568601	37.103426
2528	-122.096392	37.097351
2529	-121.922966	36.977752
2530	-122.157101	37.761368
2531	-121.957213	37.708270
2532	-121.944063	37.793949
2533	-122.028118	37.534183
2534	-121.706849	37.957348
2535	-121.957744	37.308410
2536	-122.106133	37.392189
2537	-122.286684	38.108417
2538	-122.104291	38.213328
2539	-122.313888	37.934168
2540	-122.198399	38.037278
2541	-122.002554	38.259824
2542	-121.997182	38.361738
2543	-122.695562	38.323083
2544	-122.674795	38.469266
2545	-122.738262	38.452016
2546	-122.854676	38.523254
2547	-120.769318	37.763530
2548	-121.023984	37.664534
2549	-120.991394	37.637713
2550	-120.671628	37.619973
2551	-120.857861	37.484787
2552	-121.669172	39.134266
2553	-122.560991	38.077850
2554	-122.507570	37.893637
2555	-120.459758	37.297327
2556	-120.853333	37.078700
2557	-121.686647	36.891998
2558	-121.295387	38.736137
2559	-121.350848	38.785121
2560	-121.268941	38.810454
2561	-121.317669	38.876065
2562	-121.622513	36.796051
2563	-121.826407	36.532827
2564	-121.707413	36.809410
2565	-122.230242	38.326585
2566	-121.168114	38.980550
2567	-121.171791	39.241424
2568	-121.505841	38.569332
2569	-121.469522	38.534470
2570	-121.522305	38.476496
2571	-121.467784	38.410567
2572	-120.497212	37.335658
2573	-121.741562	38.588618
2574	-121.756045	38.552768
2575	-121.357381	38.620084
2576	-121.486202	38.608937
2577	-121.335139	38.714485
2578	-121.319540	38.614770
2579	-121.282921	38.703771
2580	-121.132379	38.698103
2581	-121.281765	38.554572
2582	-122.399123	37.589201
2583	-121.284433	38.585790
2584	-121.331635	38.497867
2585	-121.297906	38.247373
2586	-121.411672	36.833047
2587	-121.138173	38.482693
2588	-122.037057	38.278126
2589	-122.008808	38.369651
2590	-122.629598	38.231355
2591	-122.043895	37.667236
2592	-121.968112	37.542111
2593	-121.911199	37.666269
2594	-121.893111	37.394297
2595	-121.972696	37.361274
2596	-121.983814	37.243546
2597	-122.268408	37.817748
2598	-123.222195	39.327779
2599	-121.460733	38.519032
2600	-121.251014	38.795394
2601	-122.450766	37.765472
2602	-121.393740	38.605214
2603	-122.131900	37.740782
2604	-120.928089	37.725768
2605	-122.487519	37.850820
2606	-122.444771	37.803643
2607	-122.175982	37.429686
2608	-121.762471	37.947303
2609	-121.348543	38.700245
2610	-121.481027	36.338590
2611	-122.133890	37.714430
2612	-122.295046	37.968285
2613	-122.293378	37.561899
2614	-122.466543	37.739172
2615	-120.249920	40.241628
2616	-122.138612	37.762354
2617	-121.400451	38.415756
2618	-122.309441	37.927644
2619	-121.464973	38.443741
2620	-122.278471	37.866656
2621	-121.706348	37.989386
2622	-122.403860	37.773723
2623	-121.969024	37.965304
2624	-122.474167	37.763095
2625	-122.406317	37.711410
2626	-121.303103	38.889274
2627	-121.618852	36.679605
2628	-122.034820	37.537254
2629	-122.375320	37.724968
2630	-121.500081	38.544809
2631	-121.829981	37.286121
2632	-122.299154	37.808784
2633	-122.172149	37.764308
2634	-122.309918	37.886394
2635	-122.082884	37.619576
2636	-122.575679	37.978389
2637	-121.020611	37.685718
2638	-120.562430	38.072649
2639	-122.266779	37.549018
2640	-121.649146	36.713178
2641	-120.842292	37.505842
2642	-120.745157	39.377233
2643	-122.389649	37.721389
2644	-121.291137	38.780288
2645	-121.306889	37.961124
2646	-122.179033	37.760569
2647	-122.083544	37.674485
2648	-121.828991	38.003941
2649	-121.009047	38.664798
2650	-122.398601	37.599352
2651	-121.547573	38.502123
2652	-121.807416	37.331122
2653	-121.811400	37.254867
2654	-122.532260	37.982417
2655	-121.791220	36.681071
2656	-122.037242	37.303177
2657	-121.209348	38.672414
2658	-122.090531	37.394063
2659	-121.995331	36.973632
2660	-122.512873	37.870148
2661	-120.499493	37.292152
2662	-121.795907	36.677443
2663	-123.216988	40.304721
2664	-120.444403	37.937594
2665	-121.978612	37.540596
2666	-121.708053	37.931226
2667	-121.279017	37.983522
2668	-121.602229	39.518998
2669	-121.776189	37.979599
2670	-121.856015	37.369205
2671	-121.770389	37.969120
2672	-121.957810	38.343578
2673	-122.407991	37.744174
2674	-121.347779	38.031897
2675	-122.258199	37.564888
2676	-121.757847	37.295275
2677	-121.981659	37.291988
2678	-122.721362	38.420724
2679	-120.828639	37.499139
2680	-121.380973	38.709601
2681	-120.507657	39.954168
2682	-122.586859	38.130724
2683	-120.606112	37.332792
2684	-121.242455	36.328097
2685	-120.787748	37.432601
2686	-122.058326	37.536211
2687	-121.829261	37.280581
2688	-121.998146	37.920986
2689	-122.059391	38.252833
2690	-121.040974	37.686252
2691	-122.410617	37.606951
2692	-121.413580	38.585044
2693	-121.312219	38.592733
2694	-122.431030	37.787978
2695	-122.490628	37.746474
2696	-121.279926	38.122167
2697	-122.240884	37.493961
2698	-121.294489	38.804280
2699	-121.438373	38.416561
2700	-122.437818	37.645135
2701	-121.712769	37.055097
2702	-122.701570	38.333976
2703	-121.008471	37.637474
2704	-120.227365	38.171734
2705	-121.553818	38.541334
2706	-121.466920	38.394662
2707	-121.221936	37.819952
2708	-122.441149	37.662688
2709	-121.563389	38.567786
2710	-121.243640	38.829312
