2	-122.219406	37.469584999999995
3	-121.660215	37.150476
5	-121.36171399999999	38.554435
6	-121.94843200000001	38.366653
7	-121.996104	38.325846999999996
8	-122.644972	38.261877
9	-122.416533	37.785703000000005
10	-121.06002	37.694177
11	-121.97494099999999	37.764185999999995
12	-122.578828	38.581276
13	-121.24158500000001	38.75507
14	-121.613308	36.705455
16	-121.921131	36.617643
17	-121.90947299999999	36.588169
20	-122.418912	37.787914
21	-122.43978999999999	37.802459000000006
23	-122.031875	38.2529
24	-122.012479	38.249689000000004
25	-121.97963500000002	38.343208000000004
26	-122.487302	38.305744
27	-122.737504	38.467034999999996
28	-122.801975	38.552739
30	-122.24633	37.766349
31	-122.306018	37.901185
36	-121.189472	37.799096999999996
37	-122.07051399999999	37.345506
38	-121.481191	37.20584
39	-122.238454	38.105278999999996
40	-122.014473	38.263973
41	-122.014071	37.977436
42	-121.93918700000002	37.732215999999994
43	-122.352594	37.961462
44	-122.398293	37.724754
46	-122.29723500000001	37.807421000000005
47	-122.16651399999999	37.746446999999996
48	-121.46938999999999	38.580378
52	-121.835311	37.368068
55	-122.315471	37.945607
56	-122.373623	37.961612
57	-122.32168100000001	37.958479
58	-122.273448	37.843259
59	-122.07389599999999	37.5701
60	-122.05365400000001	37.571945
61	-122.050945	37.5617
62	-121.97688600000001	37.545039
63	-121.985571	37.539148
64	-122.008744	37.537299
65	-121.975871	37.519876000000004
66	-121.896753	37.486344
69	-121.844578	36.601254
73	-122.05216200000001	38.292827
74	-121.881529	37.316002000000005
75	-122.46411200000001	38.28086
76	-122.59061499999999	38.239469
77	-121.892778	37.294415
78	-122.387227	37.727739
79	-122.419425	37.790887
80	-122.438227	37.781427
81	-122.44006100000001	37.740621999999995
82	-122.406549	37.751951
83	-122.86523799999999	38.610942
86	-122.101474	37.410095
87	-122.09666599999998	37.4176
88	-121.56549	37.002671
89	-122.007871	36.984165999999995
90	-122.47701699999999	37.650969
91	-122.25538	37.510766
92	-121.524327	38.571689
93	-121.70556200000001	38.540048999999996
94	-121.764154	38.553113
96	-122.286882	37.866036
97	-122.26718600000001	37.900490999999995
98	-122.27604199999999	37.801697999999995
99	-122.233726	37.794201
100	-122.33036299999999	37.982257000000004
101	-122.35316999999999	37.954599
102	-122.321602	37.938771
103	-122.030026	37.562785999999996
104	-122.009368	37.554594
105	-121.985669	37.550963
107	-122.25890700000001	37.762258
108	-122.110051	37.667794
109	-122.291555	37.905108
111	-121.267826	38.735778
113	-122.437976	37.774865000000005
115	-121.44435	37.714509
116	-122.23273999999999	37.476335
117	-122.44502800000001	37.705301
118	-122.279749	37.513725
119	-122.25785400000001	37.498402
122	-121.69086899999999	38.099109000000006
123	-122.022649	37.333039
125	-122.115771	37.406539
126	-121.51773500000002	38.608674
127	-122.14491699999999	37.435477
128	-121.84720800000001	37.355213
131	-121.870466	37.322872
132	-121.843947	37.320111
133	-121.85624399999999	37.312765999999996
134	-122.002371	37.299403000000005
135	-121.945629	38.278715999999996
136	-121.943478	38.332074
137	-121.98625700000001	38.378578999999995
138	-122.61891100000001	38.253544
141	-122.70756999999999	38.403855
142	-122.723555	38.46005
143	-122.706745	38.448415999999995
146	-122.301129	38.311181
150	-121.58228899999999	38.430721999999996
151	-122.27249099999999	37.808907
152	-122.02223000000001	37.314915
153	-122.004135	37.330040000000004
154	-122.010273	37.358633000000005
155	-122.04281499999999	37.390766
156	-121.837372	37.257701000000004
157	-121.76468100000001	37.223058
158	-121.636385	36.710204
159	-121.6903	36.717471
160	-121.83985	36.591848999999996
165	-122.424495	37.794152000000004
167	-122.166203	37.732166
168	-122.169867	37.685971
169	-122.094725	37.680699
170	-121.834112	37.205076
171	-122.105299	37.869004
172	-121.876368	36.962973
173	-121.838655	37.288837
174	-121.814746	37.318508
175	-121.89315	37.3473
176	-121.897709	37.316102
177	-121.616279	38.031307
178	-121.788652	37.672512
179	-121.35901899999999	38.647357
181	-122.259368	37.816992
182	-122.28827700000001	38.295941
184	-121.897125	37.327921
186	-122.48534099999999	37.737891
187	-121.846046	37.269976
188	-121.506047	38.575897
191	-122.351041	37.96948
193	-121.86115900000001	37.28907
194	-122.26522800000001	37.841628
195	-121.919559	37.483042
196	-121.89020900000001	37.680737
198	-121.75275400000001	37.68525
199	-121.724956	37.689442
204	-121.643945	36.703773
206	-122.41296399999999	37.768794
207	-122.423099	37.751535
208	-122.413803	37.761124
209	-122.403419	37.716484
210	-122.46749799999999	37.713444
211	-122.475834	37.783677000000004
212	-122.40508100000001	37.795679
215	-121.75483899999999	36.927335
216	-122.057115	37.584145
217	-121.990495	37.559055
218	-121.943704	37.531828999999995
219	-121.997651	37.544909000000004
220	-121.931398	37.522548
221	-121.89918	37.669290999999994
222	-121.859981	37.705908
223	-121.74166299999999	37.675342
224	-121.7901	37.663981
225	-122.35330900000001	37.941655
229	-121.283197	37.833289
230	-121.42331499999999	37.710679999999996
231	-121.43058400000001	37.746501
232	-122.128363	37.463764000000005
233	-122.45958999999999	37.627562
234	-122.384759	37.620799
235	-121.880256	37.333022
237	-122.025384	37.385589
238	-122.03474299999999	36.959011
239	-122.03130700000001	37.020663
240	-121.784324	36.95745
241	-122.572027	38.110578000000004
242	-122.548045	37.998708
243	-122.50689299999999	37.966734
246	-122.694319	38.347976
247	-121.66955700000001	36.678213
251	-121.789547	37.250947
252	-121.98961899999999	36.982887
253	-122.235993	38.116622
254	-122.70095400000001	38.368102
262	-122.708977	38.43524
264	-122.522406	37.960346
268	-122.029756	36.975937
269	-122.156979	38.070671999999995
270	-122.02999299999999	38.264829999999996
272	-121.818529	37.347803000000006
273	-121.823399	37.241336
274	-121.977066	36.977162
275	-122.22373700000001	38.104305
276	-121.98119399999999	38.257934000000006
277	-122.178081	37.728402
279	-121.731454	37.983647
280	-122.03688799999999	37.974647999999995
281	-122.02863899999998	37.954402
282	-122.099005	37.845871
283	-122.283801	37.846826
284	-122.258969	37.829214
285	-122.304276	37.81783
286	-122.285008	37.805609999999994
287	-122.225176	37.789474
288	-122.157908	37.697371000000004
289	-122.07355600000001	37.638255
290	-122.06841599999998	37.585316999999996
291	-122.4802	37.984432
294	-122.302667	38.260326
295	-122.30728300000001	38.294333
296	-122.239356	38.160168
297	-121.833343	38.458443
299	-122.415999	37.802103
300	-121.87424299999999	37.305223
301	-122.697548	38.460411
302	-122.383927	37.733975
303	-121.981622	37.441517
304	-122.054651	37.41728
305	-121.27441999999999	37.948536
306	-122.004857	37.396126
308	-122.0835	37.378679999999996
309	-121.76266100000001	37.234738
311	-122.4859	37.703545
312	-121.96663000000001	36.974818
313	-121.403623	36.848219
314	-122.44696599999999	37.655691999999995
315	-122.230595	37.489397
316	-122.17190900000001	38.093973999999996
321	-122.265188	37.79548
322	-122.25367800000001	37.813633
323	-122.295348	37.797551
324	-121.933644	37.561545
325	-121.962332	37.528754
326	-121.97268100000001	37.531337
328	-121.91005	37.689188
329	-121.74776000000001	37.709609
330	-121.765041	37.696215
331	-121.732419	37.696281
332	-122.14071799999999	38.022778
333	-122.131423	37.68159
334	-122.022819	37.969863000000004
335	-121.816741	38.000588
338	-122.24040600000001	37.554221000000005
339	-122.208472	37.479883
342	-121.38908500000001	38.048666
344	-121.491111	36.832944
345	-122.075149	37.401046
346	-122.097522	37.397443
347	-122.123051	37.437668
349	-121.78383500000001	37.229616
351	-121.86603400000001	37.336863
352	-121.90988200000001	37.26032
353	-121.789592	37.327843
362	-121.46991899999999	38.462357
365	-121.962972	37.040871
366	-121.93829	38.394929
367	-122.73503500000001	38.263132
369	-122.215349	38.128363
370	-122.209783	38.10461
371	-122.215347	38.093149
372	-122.23731200000002	38.124844
374	-121.023678	37.697018
377	-121.629746	36.669638
378	-121.829734	36.612553000000005
380	-121.946207	37.317069000000004
382	-121.96133400000001	37.535702
384	-121.737298	38.547477
385	-122.179594	37.904007
386	-122.247304	37.741265999999996
387	-122.10818200000001	37.705688
388	-122.19088799999999	37.713527
389	-122.140322	37.685601
390	-121.895936	37.235652
391	-121.867686	37.269537
392	-122.07578000000001	37.62498
393	-122.08283200000001	37.596206
394	-122.18992800000001	37.48186
395	-122.225293	37.453995
396	-121.880554	37.354671
397	-122.223272	38.094839
398	-122.242603	38.149094
399	-122.06600700000001	38.267015
400	-122.04108000000001	38.266743
401	-122.00848400000001	38.269872
403	-122.564002	38.017792
406	-121.380404	36.843973
408	-122.44994399999999	37.676268
409	-122.488651	37.652984000000004
410	-122.46718100000001	37.592434999999995
414	-121.59167	37.933685
415	-122.08267099999999	38.001005
416	-122.054201	37.926322
417	-122.322884	37.916784
418	-121.87120900000001	37.433721000000006
419	-121.96703500000001	37.297426
420	-122.042612	36.987871999999996
421	-122.24886000000001	38.100716999999996
422	-122.258886	37.770576
423	-122.507645	37.981922
431	-122.25608999999999	37.873064
432	-121.277796	37.784313
433	-122.30933799999998	37.558240999999995
434	-122.423317	37.787453
435	-122.07519599999999	37.578275
436	-121.914961	37.243266
437	-122.00996699999999	37.301835
438	-122.02299599999999	37.355618
439	-122.014242	38.284606
440	-122.32844399999999	38.311569
443	-122.44063100000001	37.764784000000006
445	-122.43870600000001	37.778321999999996
446	-122.228826	37.808437
447	-122.142022	37.697347
448	-122.018253	37.570302000000005
451	-121.299925	38.587583
452	-122.420744	37.798361
454	-121.905073	37.438769
455	-121.98621599999998	37.32716
456	-122.28038899999999	37.839058
457	-122.27353600000001	37.820648999999996
458	-122.27093700000002	37.800090000000004
459	-122.24104299999999	37.791305
460	-122.211248	37.780731
461	-122.18349099999999	37.751061
462	-122.271804	37.888404
463	-122.26893500000001	37.868077
464	-122.275273	37.850039
465	-122.063363	37.699602
466	-122.15525	37.723406
467	-122.114103	37.698871999999994
468	-122.126273	37.671056
469	-122.09381200000001	37.635846
470	-122.075976	37.587835999999996
471	-122.012882	37.589721000000004
472	-122.02315	37.557815999999995
473	-121.950884	37.545784999999995
475	-122.063474	37.905639
477	-122.16748700000001	37.879806
478	-122.264008	38.000107
479	-122.333983	37.966564
480	-122.341577	37.939334
481	-122.302378	37.909729999999996
485	-121.71143000000001	37.940472
486	-121.73370700000001	37.952738000000004
487	-121.900056	38.013253999999996
488	-122.056073	37.938621999999995
489	-122.00194599999999	37.963411
495	-122.42848300000001	37.619640999999994
496	-122.28107800000001	38.317044
499	-122.559817	37.909511
503	-121.650558	36.665065999999996
505	-121.502172	38.582484
513	-121.457398	38.633727
516	-121.297699	38.710521
517	-121.31590600000001	38.695242
526	-121.34097299999999	37.995599
528	-122.34333500000001	37.585
529	-122.29911499999999	37.532927
530	-122.195237	37.474809
531	-122.18218999999999	37.448158
532	-122.411073	37.806529
533	-122.407119	37.799623
534	-122.451807	37.788702
535	-122.45648999999999	37.778492
536	-122.422579	37.783096
537	-122.42973700000002	37.776021
540	-121.44044699999999	37.757729
541	-122.478808	37.682159999999996
542	-122.451723	37.639565999999995
543	-122.44968100000001	37.633783
544	-121.914849	37.332326
545	-121.889367	37.341774
546	-121.909871	37.309024
547	-121.886627	37.256661
548	-121.84946599999999	37.333482000000004
549	-121.84980900000001	37.299699
550	-121.83131200000001	37.339974
551	-121.84498899999998	37.349973999999996
552	-121.841366	37.365334000000004
553	-121.85959799999999	37.409368
554	-122.00444399999999	37.401959999999995
555	-121.948351	37.384603999999996
556	-121.974166	37.3464
557	-122.000031	37.282185999999996
558	-122.04523600000002	37.343869
559	-122.040824	37.375710999999995
560	-122.05700300000001	37.379047
561	-122.074277	37.386139
562	-122.111078	37.41488
563	-121.877191	37.230224
564	-121.823628	37.255134999999996
565	-121.771832	37.229921000000004
566	-121.85484	37.243103999999995
567	-121.64368400000001	37.134803999999995
568	-121.58386999999999	37.02568
569	-121.577956	37.005503999999995
570	-122.208504	38.114036
571	-122.236921	38.096274
572	-122.01496399999999	38.277251
573	-122.04226100000001	38.254041
577	-122.809867	38.707893
583	-120.86941000000002	37.533214
586	-121.745423	38.549548
587	-121.76511	38.683981
590	-122.25181299999998	37.801687
591	-122.237894	37.80058
592	-122.22655	37.782303000000006
593	-122.215253	37.782953000000006
594	-122.192947	37.777522
595	-122.18415900000001	37.733979
596	-122.258927	37.891403000000004
597	-122.296828	37.874188000000004
598	-122.25768000000001	37.854116999999995
599	-122.23115800000001	37.763596
600	-122.251248	37.760588
601	-122.08436100000002	37.706221
602	-122.067788	37.686834000000005
603	-122.106996	37.682442
604	-122.079621	37.657844
605	-122.095064	37.653973
606	-122.079323	37.643709
607	-122.069976	37.644009999999994
608	-122.28008899999999	37.804252000000005
609	-122.27649199999999	37.810694
610	-122.26664199999999	37.806959
611	-122.25913200000001	37.811391
612	-122.253219	37.822971
613	-122.21273300000001	37.805622
614	-122.06685900000001	37.593723
615	-122.017858	37.580847
616	-121.94664399999999	38.023958
617	-122.071926	37.981041
618	-122.034442	37.992988000000004
619	-121.98683999999999	37.969493
620	-122.044509	37.956108
621	-122.0581	37.890587
622	-121.94968999999999	37.746736
623	-121.97724299999999	37.745149
624	-122.10351399999999	37.889475
625	-122.309156	38.002716
627	-122.309523	37.975335
628	-122.31004399999999	37.907177000000004
629	-122.424682	37.768213
636	-121.75165	37.973442999999996
637	-121.775081	38.011186
638	-121.89523899999999	38.026998
641	-122.42003000000001	37.794751
642	-122.406195	37.793504
643	-122.419875	37.785467
644	-122.412849	37.784141
645	-122.427651	37.802183
646	-122.44759599999999	37.770458000000005
647	-122.446041	37.765207000000004
648	-122.43128300000001	37.759646000000004
649	-122.439866	37.748408000000005
650	-122.402451	37.761446
651	-122.412287	37.755825
652	-122.41251100000001	37.732274
653	-122.43602299999999	37.718139
659	-122.445066	37.729676
660	-122.48366899999999	37.760129
661	-122.480946	37.727433000000005
662	-122.506553	37.76167
663	-122.48141799999999	37.782858000000004
664	-122.49276499999999	37.776484
665	-122.420818	37.710505
666	-122.502854	37.783204
669	-121.24505	37.954271000000006
675	-122.415295	37.704428
676	-122.466682	37.698256
677	-122.485297	37.675084000000005
678	-122.433879	37.617744
679	-122.36462	37.581387
680	-122.319915	37.565379
681	-122.305621	37.527955
682	-122.303377	37.565852
683	-122.261848	37.561554
684	-122.28288899999998	37.531709
685	-122.27682	37.488703
687	-121.921881	37.340763
688	-121.87422	37.338714
690	-121.435621	38.579188
694	-121.47259199999999	38.574294
695	-121.922073	37.319244
696	-121.90948200000001	37.300158
697	-121.926248	37.273402000000004
698	-121.88671200000002	37.277475
699	-121.85436000000001	37.277845
700	-121.816406	37.293425
701	-121.781745	37.312321999999995
702	-121.83388899999999	37.336090999999996
703	-121.853975	37.35836
705	-121.49271100000001	38.631831
707	-121.533143	38.608506
715	-121.834226	37.355121000000004
716	-121.88783799999999	37.378341999999996
717	-121.866192	37.393479
718	-121.88068999999999	37.409776
719	-121.90258700000001	37.451399
720	-121.987343	37.348240999999994
721	-121.98438700000001	37.334056
722	-121.972113	37.31279
723	-121.95585	37.284442
724	-121.93472	37.240194
725	-122.02216000000001	37.274638
729	-121.37041200000002	38.557835
738	-122.036752	37.343831
739	-121.99963400000001	37.354856
740	-122.05088	37.378710999999996
741	-122.083401	37.40553
742	-122.127707	37.416767
743	-122.155827	37.443328
744	-122.11332800000001	37.303928000000006
745	-121.856379	37.213372
746	-121.82524099999999	37.264039000000004
747	-121.591277	37.025199
748	-122.040945	36.969952
749	-122.224342	38.082731
750	-122.258549	38.127716
751	-122.18108799999999	38.079906
752	-121.923984	38.345501
753	-121.966136	38.342005
754	-121.975131	38.395381
755	-122.452798	38.286891
756	-122.614852	38.238523
757	-122.691277	38.443721000000004
758	-122.71248600000001	38.45817
761	-122.320559	38.322845
762	-122.262588	38.160271
764	-122.748103	38.479853999999996
765	-122.758131	38.440775
767	-122.811624	38.554867
768	-122.808826	38.545571
776	-121.92815	36.60392
777	-122.973336	38.614053000000006
783	-121.660448	36.70365
784	-121.615994	36.675079
786	-121.90803799999999	36.604723
787	-121.83153999999999	36.604621
788	-121.60349199999999	36.662226000000004
791	-122.291928	38.317021000000004
793	-121.26501	37.460316999999996
798	-122.374969	38.291959000000006
800	-122.225039	38.437259999999995
804	-121.53286999999999	38.576369
805	-122.142775	37.727338
806	-122.17975700000001	38.760883
808	-122.28026100000001	37.823622
809	-122.24890400000001	37.817374
810	-122.215554	37.796008
811	-122.19636299999999	37.75825
812	-122.269504	37.875328
813	-122.260054	37.86365
814	-122.111531	37.692886
815	-122.102093	37.629540000000006
816	-121.85474599999999	37.684674
817	-122.27306399999999	37.526428
818	-122.213722	37.483866
820	-121.88991100000001	37.284316
821	-121.81103300000001	37.354921999999995
822	-121.881148	37.432092
823	-121.961754	37.338055
824	-121.97021200000002	37.264032
826	-121.72928300000001	37.998428999999994
827	-121.71034499999999	37.907818
828	-121.768123	37.987489000000004
829	-122.03832	37.311431
830	-122.106445	37.401996000000004
831	-121.868997	37.211839000000005
832	-121.85239399999999	37.261745
834	-122.545345	38.218785
837	-121.003717	37.621575
840	-122.313162	38.305490999999996
841	-122.262165	38.172908
842	-121.47598	38.568252
843	-122.26048300000001	37.866682
846	-121.66435	36.67051
847	-121.656896	36.398305
849	-122.289607	38.286831
850	-121.274501	38.723296999999995
852	-121.463412	38.503789000000005
854	-121.4407	38.642926
855	-121.347604	38.65762
858	-122.44282700000001	37.719487
859	-122.480543	37.74689
860	-122.48398200000001	37.77466
862	-121.43206599999999	37.733453999999995
863	-122.281544	37.816489000000004
864	-122.110475	37.661479
865	-122.079384	37.873238
866	-122.41483500000001	37.796279
867	-122.43508500000002	37.785084999999995
868	-122.438268	37.753339000000004
869	-121.95791499999999	37.960723
870	-122.743326	38.142737
875	-121.823598	37.331983
876	-121.83590500000001	37.272141
877	-122.270074	38.121989
880	-121.47131499999999	38.548877000000005
881	-122.11882800000001	37.420168
883	-122.221998	38.118235999999996
884	-121.840756	36.611216
885	-122.257797	37.847519
886	-122.263901	37.830677
887	-122.28966399999999	37.88129
888	-122.102309	37.663257
889	-121.961771	37.517075
891	-121.8952	38.021427
892	-121.950806	37.755062
893	-122.3467	37.975055
896	-121.576016	36.678518
897	-121.877257	36.582573
898	-121.470673	38.519677
904	-122.022217	37.391152000000005
905	-122.414176	37.790575
906	-122.431825	37.797351
907	-122.44748	37.778544000000004
908	-122.395632	37.76271
909	-122.49948799999999	37.757067
910	-122.50720700000001	37.777043
911	-121.285058	37.953484
915	-122.43493799999999	37.666381
916	-121.921865	37.303243
917	-121.87836399999999	37.298621000000004
918	-121.86353100000001	37.417293
919	-121.98230500000001	37.360626
920	-122.06003999999999	37.39095
921	-121.81302600000001	37.240332
922	-122.608841	38.244514
923	-121.033325	37.656769
924	-120.980958	37.620571999999996
926	-121.492668	38.565141
927	-122.10920700000001	37.426213
929	-121.85526899999999	37.402777
930	-121.96416200000002	37.319741
931	-122.044575	37.329747
935	-122.23407399999999	37.45643
936	-121.906279	37.277824
937	-122.29736100000001	37.894427
938	-122.07471100000001	37.161136
939	-122.233428	37.759271000000005
940	-122.10238000000001	37.647451000000004
941	-122.856683	38.620391999999995
945	-122.707324	38.341910999999996
946	-122.66949299999999	38.435182
948	-121.762932	36.659382
949	-122.232725	37.8121
950	-122.59236999999999	37.923601
951	-121.75138500000001	38.669401
953	-122.005032	37.943106
954	-122.338247	37.956703000000005
957	-122.04177800000001	37.601776
958	-122.04713400000001	37.565213
959	-121.94408700000001	37.708649
963	-122.412805	37.78869
964	-122.441851	37.797715000000004
965	-122.39613600000001	37.732471999999994
967	-122.491739	37.760442
968	-122.484197	37.778626
969	-121.260217	37.952404
973	-121.444804	37.744073
974	-122.251855	37.558157
975	-121.87355900000001	37.285846
976	-122.14632399999999	37.715488
977	-121.788648	37.302351
980	-121.918829	37.711539
981	-121.88264299999999	37.657058
982	-121.86626899999999	37.659797
983	-121.86511599999999	37.697542999999996
984	-121.78923400000001	37.649751
985	-121.814503	37.68936
986	-121.800301	37.666354999999996
1011	-121.67068200000001	37.994105
1012	-121.58391100000001	37.908203
1013	-121.800302	38.006476
1014	-121.836151	37.990005
1015	-121.87096899999999	38.038532000000004
1016	-121.926998	38.011157
1017	-121.94716799999999	38.036384999999996
1018	-122.127518	38.017024
1019	-122.10420500000001	38.021893
1020	-122.112397	37.971287
1021	-122.08989199999999	37.934306
1022	-121.986877	37.952385
1023	-122.03428100000001	37.967476
1024	-122.04376299999998	37.948438
1025	-122.08743600000001	37.912420000000004
1026	-122.04476100000001	37.894092
1027	-121.927241	37.740271
1028	-121.97226299999998	37.862343
1029	-121.98648	37.82161
1030	-122.25561599999999	37.840975
1031	-122.132476	37.905346
1032	-122.13798799999999	37.877688
1033	-122.06878	37.856421999999995
1034	-122.106214	37.823986
1035	-122.157375	37.828286999999996
1036	-122.180384	37.856833
1037	-121.93039099999999	37.951676
1038	-122.229724	38.021021999999995
1039	-121.84301699999999	37.937526
1040	-121.802074	37.945181
1041	-121.79466699999999	37.9769
1042	-121.90486299999999	37.805308000000004
1043	-121.88373200000001	37.770348
1044	-121.97535400000001	37.995667
1045	-122.25769	37.815329999999996
1046	-122.251939	37.809642
1047	-122.31653899999999	37.923124
1048	-122.23043799999999	37.863975
1049	-122.25049399999999	37.847532
1050	-122.25264399999999	37.983684999999994
1051	-122.33910800000001	37.9486
1052	-122.35956100000001	37.933442
1053	-122.24346399999999	37.804660999999996
1054	-122.28488700000001	37.907162
1056	-122.25853000000001	37.804889
1057	-122.238747	37.8451
1058	-122.20098300000001	37.834537
1059	-122.24341100000001	37.799084
1060	-122.22936999999999	37.775014
1061	-122.273716	38.024497
1062	-122.21675	37.787912
1063	-122.212099	37.762302000000005
1064	-122.20384299999999	37.776951000000004
1065	-122.18432299999999	37.804283
1066	-122.207183	37.730121999999994
1067	-122.172184	37.737724
1068	-122.289666	37.809377000000005
1069	-122.309354	37.893062
1070	-122.295301	37.887356
1071	-122.27062	37.882174
1072	-122.287438	37.872944
1073	-122.24997900000001	37.868116
1074	-122.293544	37.864543
1079	-122.245484	37.855399
1080	-122.3003	37.839146
1081	-122.289697	37.843641
1082	-122.248535	37.775758
1083	-122.239253	37.754829
1084	-122.27296100000001	37.766989
1085	-122.02833899999999	37.721228
1086	-122.07818	37.693263
1087	-122.14683400000001	37.736858000000005
1088	-122.156899	37.732926
1089	-122.16826100000002	37.718621999999996
1090	-122.174168	37.723775
1093	-122.12388	37.721179
1094	-122.13313899999999	37.703564
1095	-122.138318	37.708508
1096	-122.15568400000001	37.684283
1097	-122.11316799999999	37.687782
1098	-122.12478600000001	37.698825
1099	-121.975228	37.644558
1100	-122.11266299999998	37.676155
1101	-122.147369	37.672115999999995
1102	-122.068345	37.659511
1103	-122.08091	37.635958
1104	-122.02949199999999	37.621054
1105	-121.98690800000001	37.620905
1106	-122.07402900000001	37.605845
1107	-122.04505400000001	37.543096000000006
1111	-122.542158	38.135948
1113	-122.644921	38.11629
1114	-122.494047	38.048684
1115	-122.52091499999999	38.027715
1116	-122.67223899999999	38.015533000000005
1117	-122.565427	37.974719
1118	-122.550003	37.947869
1119	-122.53577	37.936469
1120	-122.50164	37.930359
1121	-122.54826399999999	37.894760999999995
1128	-121.492301	38.475803000000006
1132	-121.39053100000001	38.550540999999996
1133	-121.477497	38.589455
1144	-121.610772	36.684691
1146	-121.490626	38.576281
1148	-121.46404799999999	38.553717999999996
1152	-121.67793999999999	36.669909000000004
1153	-121.65693200000001	36.687810999999996
1154	-121.74466100000001	36.744978
1155	-121.756074	36.766011999999996
1156	-121.65159799999999	36.728706
1157	-121.654556	36.725982
1158	-121.60112099999999	36.689669
1159	-121.615346	36.692633
1160	-121.621918	36.693847999999996
1161	-121.633452	36.55022
1162	-121.50715	36.491960999999996
1170	-121.92273899999999	36.55924
1171	-121.94504199999999	36.588390999999994
1172	-121.912558	36.622444
1173	-121.904597	36.610974
1174	-121.78511200000001	36.67078
1177	-121.219328	38.778683
1180	-122.36926000000001	38.393716
1181	-121.951006	37.397273999999996
1182	-121.63723300000001	36.654199
1183	-122.298448	38.293519
1184	-122.259476	38.288688
1185	-122.285905	38.30357
1186	-122.344812	38.309996999999996
1192	-122.42363300000001	38.553308
1194	-121.23916799999999	38.764558
1201	-122.092143	38.292984000000004
1202	-122.18276599999999	38.245020000000004
1203	-122.05929499999999	38.274577
1204	-122.025748	38.300290000000004
1205	-121.9784	38.296269
1206	-122.065307	38.230909999999994
1207	-121.952766	37.518977
1208	-121.359192	38.000683
1209	-122.256583	37.445159999999994
1210	-122.36013100000001	37.446246
1211	-122.160568	37.461816
1212	-122.049502	38.264899
1213	-122.02085500000001	38.265996
1214	-121.95093500000002	38.145531
1215	-121.945502	38.273022999999995
1216	-121.94403	38.340265
1217	-121.96534	38.324422
1218	-121.940798	38.321534
1219	-121.97203200000001	38.375057
1220	-121.91598	37.27395
1221	-121.03795900000001	37.676165000000005
1222	-121.941837	37.257929
1223	-122.453749	38.118402
1224	-122.647305	38.274198
1225	-122.647543	38.25008
1226	-122.672127	38.251752
1227	-122.630137	38.344343
1230	-120.940013	37.564365
1231	-120.94236599999999	37.488884999999996
1232	-121.90246499999999	37.34768
1233	-121.92766200000001	37.328244
1234	-121.870506	37.351306
1235	-121.85897800000001	37.342258
1236	-121.88686000000001	37.323658
1237	-121.90903200000001	37.317797999999996
1238	-121.157249	37.675825
1241	-121.81451100000001	37.280978000000005
1243	-121.820788	37.312744
1244	-122.40953600000002	37.794658
1245	-122.41221000000002	37.787040000000005
1246	-122.41814099999999	37.779652
1247	-122.4314	37.800482
1248	-121.801396	37.318142
1249	-121.787203	37.306538
1250	-121.80991999999999	37.301344
1251	-121.838247	37.329239
1252	-121.83911100000002	37.345839
1253	-121.862044	37.364608000000004
1254	-121.84458799999999	37.377746
1255	-122.726447	38.427031
1257	-122.427077	37.792539
1258	-122.438542	37.793851000000004
1259	-122.441629	37.789751
1260	-122.439849	37.786792
1261	-122.450653	37.784394
1262	-121.85951299999999	37.325913
1263	-122.685994	38.406502
1264	-122.659345	38.394218
1265	-122.42353899999999	37.728874
1266	-122.66560700000001	38.450865
1267	-122.747565	38.531245
1268	-122.758799	38.461562
1269	-121.898827	37.421161
1270	-121.915545	37.44993
1271	-122.40527	37.728424
1272	-122.42902099999999	37.719909
1273	-122.45429299999999	37.7116
1274	-121.827132	37.359320000000004
1275	-122.48575500000001	37.786721
1276	-122.42914099999999	37.779775
1277	-122.423732	37.777481
1278	-122.431448	37.767886
1279	-122.40853700000001	37.776951000000004
1280	-122.429953	37.765156
1281	-122.423775	37.759374
1282	-122.42661299999999	37.745521999999994
1283	-121.78499599999999	37.373940999999995
1284	-121.87793700000002	37.383798
1285	-121.871039	37.403632
1286	-121.876139	37.422422999999995
1287	-121.90706499999999	37.458445000000005
1288	-122.840929	38.411889
1289	-122.881731	38.417893
1290	-123.003694	38.531123
1291	-122.47609399999999	37.77735
1292	-122.464495	37.79535
1293	-122.46956499999999	37.756087
1294	-122.452385	37.751424
1295	-122.450245	37.738102000000005
1296	-122.4808	37.762484
1297	-122.47835900000001	37.716681
1298	-122.461724	37.785578
1299	-122.39386100000002	37.772664
1300	-122.473021	37.769805
1301	-121.32768899999999	37.967366999999996
1302	-121.965189	37.400681
1303	-121.94521	37.414386
1304	-121.95901599999999	37.365332
1305	-121.934743	37.347099
1306	-121.988097	37.368320000000004
1307	-121.96133200000001	37.34642
1308	-121.941543	37.333246
1309	-121.98395500000001	37.320834999999995
1310	-121.95793700000002	37.298095
1311	-121.987048	37.279864
1313	-123.09819499999999	38.769236
1318	-121.25676299999999	37.968202000000005
1320	-121.289119	37.928859
1321	-121.307005	37.920808
1322	-121.23553799999999	37.964414
1326	-121.359384	37.981221000000005
1329	-121.97993799999999	37.270664000000004
1330	-121.93595900000001	37.227257
1331	-121.97738000000001	37.237885999999996
1332	-121.98284699999999	37.255185
1333	-122.05513799999999	37.321244
1334	-122.01911100000001	37.303687
1335	-122.010805	37.315677
1336	-122.02603799999999	37.344019
1337	-122.05705800000001	37.362653
1338	-122.008073	37.369313
1339	-122.00458200000001	37.390691
1343	-121.032601	37.629627
1344	-121.01763700000001	37.630358
1350	-121.003874	37.61047
1356	-121.476396	38.159919
1357	-122.076617	37.35925
1358	-122.13216499999999	37.409278
1359	-122.130277	37.426313
1360	-122.163335	37.449068
1361	-122.126158	37.376258
1363	-122.16420900000001	37.408179
1369	-121.507594	38.618254
1371	-121.574077	38.697691999999996
1373	-121.39510600000001	38.640736
1381	-121.869781	37.198846
1385	-121.808105	37.197340999999994
1386	-121.81693200000001	37.248535
1387	-121.81103999999999	37.230992
1388	-121.81428700000001	37.267056
1390	-121.342684	38.66878
1396	-121.63046299999999	37.111513
1397	-121.654944	37.116296999999996
1398	-121.66447	37.12484
1399	-121.571285	36.986525
1401	-121.303248	37.823085
1403	-121.435496	37.718614
1404	-121.42180800000001	37.752455
1405	-121.444351	37.733865
1406	-121.83627299999999	37.237588
1407	-121.733423	37.176712
1408	-121.673441	37.118643
1409	-121.62098200000001	37.155027000000004
1410	-121.239769	38.626813
1412	-121.276951	38.607762
1415	-121.32631599999999	38.565405
1417	-121.317617	38.572168
1418	-121.341501	38.555966999999995
1424	-122.05795400000001	36.989443
1425	-122.003983	36.971727
1426	-121.76988100000001	36.922174
1429	-121.782146	36.931773
1431	-122.05975600000001	37.028092
1432	-122.012188	37.078274
1437	-122.46241100000002	37.704822
1438	-122.478858	37.692496000000006
1439	-121.99103000000001	37.028372999999995
1440	-121.751177	36.949577000000005
1441	-121.684859	36.936748
1442	-121.399275	38.314901
1443	-122.469784	37.669540999999995
1444	-121.339845	36.88836
1445	-121.38991100000001	36.854498
1446	-122.419678	37.669138000000004
1447	-122.407028	37.661952
1448	-122.418508	37.656619
1449	-122.406967	37.650502
1450	-122.48378799999999	37.658694
1451	-122.48441499999998	37.635699
1452	-122.48221799999999	37.618122
1453	-122.32411100000002	37.540255
1454	-122.299576	37.546162
1455	-122.30311	37.570221000000004
1456	-122.48681699999999	37.582694000000004
1457	-122.41569299999999	37.612815999999995
1458	-122.40665	37.593987
1459	-122.379341	37.581596999999995
1460	-122.335361	37.572215
1461	-122.321954	37.572829999999996
1462	-122.20666100000001	37.771634000000006
1463	-122.26955600000001	37.542396999999994
1464	-122.289626	37.536190000000005
1465	-122.18741399999999	38.129490000000004
1467	-122.303205	37.503765
1468	-122.278594	37.501762
1469	-122.25311	37.471727
1470	-122.22584499999999	37.471371000000005
1471	-122.254628	37.45945
1472	-122.170078	37.473637
1473	-122.129497	37.476851
1475	-122.200355	38.0897
1476	-122.20355	38.074475
1477	-122.26256699999999	38.110609000000004
1478	-122.277984	38.149615000000004
1479	-121.77739299999999	38.537564
1481	-122.120826	38.102496
1482	-121.758581	38.571162
1484	-122.061554	37.626638
1488	-121.75568200000001	38.678743
1492	-122.022951	37.600499
1495	-121.989652	36.965553
1498	-122.28121499999999	37.832791
1499	-122.26636200000002	37.780418
1504	-122.294697	37.838778999999995
1505	-121.72851299999999	37.684005
1510	-122.28469399999999	37.777640000000005
1511	-122.259391	37.858663
1512	-122.268178	37.851040000000005
1513	-122.301952	37.864249
1514	-122.27824299999999	37.874489000000004
1515	-122.26043999999999	37.877742
1516	-122.283831	37.857773
1517	-122.26978899999999	37.771453
1518	-122.281586	37.850226
1519	-122.15231000000001	37.747114
1520	-122.155961	37.745298
1521	-122.162846	37.741053
1522	-122.291306	37.895303999999996
1523	-122.28738	37.887019
1524	-122.28198400000001	37.890143
1525	-122.278035	37.881111
1526	-122.241798	37.814784
1527	-122.24961100000002	37.829786999999996
1528	-122.216586	37.847115
1529	-122.217123	37.827616
1530	-122.18936399999998	37.820909
1531	-122.22058600000001	37.805459
1532	-122.249822	37.796853000000006
1533	-122.24600900000002	37.793517
1534	-122.25058999999999	37.787865999999994
1535	-122.231333	37.785483
1536	-122.22201899999999	37.795123
1537	-122.208317	37.793071999999995
1538	-122.219053	37.778555
1539	-122.185197	37.789145
1540	-122.175701	37.774812
1541	-122.188708	37.769182
1542	-122.188538	37.754057
1543	-122.17301299999998	37.753067
1544	-122.166794	37.756159000000004
1545	-122.2549	38.007621
1546	-122.28576899999999	37.980992
1547	-122.31702	37.994384000000004
1548	-122.07088799999998	37.63564
1549	-122.038956	37.619127
1550	-122.060502	37.617589
1551	-122.048181	37.591783
1552	-122.0292	37.590052
1553	-122.08599099999999	37.580005
1554	-122.004355	37.571383000000004
1555	-122.040062	37.574946000000004
1556	-122.03948600000001	37.58218
1557	-122.008567	37.48945
1558	-121.76408899999998	37.67322
1559	-122.277631	37.795823999999996
1562	-121.96498600000001	37.553633000000005
1563	-122.00526799999999	37.548352
1564	-121.927742	37.508403
1565	-121.90486200000001	37.527242
1566	-121.913183	37.472928
1567	-122.035802	37.549743
1568	-122.05504499999999	37.511408
1570	-121.93692	37.652263
1571	-122.060594	37.952566
1574	-121.88748899999999	37.705987
1575	-121.931554	37.710797
1577	-122.301194	37.785416999999995
1578	-121.80277199999999	37.574455
1582	-122.09401899999999	37.75978
1583	-122.106401	37.722076
1584	-122.097447	37.704042
1585	-122.082044	37.698586999999996
1586	-122.04628799999999	37.654763
1587	-122.03541299999999	37.636952
1588	-121.83766100000001	37.661131
1589	-121.84872299999999	37.719446000000005
1590	-121.66804099999999	37.594326
1592	-122.101272	37.988337
1594	-122.09231899999999	37.66701
1595	-122.08538700000001	37.651272999999996
1596	-122.11289599999999	37.642114
1597	-122.087952	37.642765999999995
1598	-122.094729	37.975989
1599	-122.07157600000001	37.951623
1602	-122.160452	38.019564
1603	-122.12193	38.006091999999995
1604	-122.056844	37.979449
1605	-122.024064	37.990246
1606	-121.999899	37.981341
1608	-122.084129	37.884654
1609	-122.038059	37.903515000000006
1610	-121.67390400000001	37.935179999999995
1612	-121.718643	38.016315999999996
1613	-122.052003	37.869084
1614	-122.041077	37.966582
1615	-122.017329	37.958453999999996
1616	-122.046402	37.941687
1617	-122.031679	37.930627
1618	-122.047954	37.920013
1619	-122.018752	37.907686
1620	-121.60411299999998	37.84738
1621	-121.608223	37.905889
1622	-121.827749	38.014035
1623	-121.831621	37.994726
1624	-121.796825	37.990545000000004
1625	-121.867531	38.014106
1626	-121.882025	38.004796999999996
1627	-122.03220800000001	37.887428
1628	-121.977306	37.795092
1629	-122.42756299999999	37.726385
1630	-122.41054199999999	37.722696
1631	-121.928156	37.765751
1632	-121.964129	37.7976
1633	-121.991776	37.781622
1634	-122.034102	37.834509999999995
1635	-121.96599599999999	37.845247
1636	-121.926877	38.016803
1637	-121.91641499999999	38.032131
1638	-121.968433	38.042446000000005
1639	-122.43959299999999	37.713864
1640	-121.95375	37.821296000000004
1641	-121.91668200000001	37.765619
1642	-121.893827	37.747203000000006
1643	-121.966931	37.938390999999996
1644	-122.21278400000001	37.951488
1645	-122.285481	38.014065
1646	-122.42020900000001	37.734193
1647	-122.444589	37.709680999999996
1648	-122.455895	37.758528999999996
1649	-122.467854	37.76305
1650	-122.470177	37.752124
1651	-122.33033799999998	37.940684000000005
1652	-122.355258	37.948571
1653	-122.388218	37.94021
1654	-122.34230900000001	37.912182
1655	-122.335052	37.930903
1656	-122.295596	37.923829
1657	-122.30678999999999	37.917124
1658	-122.29807	37.901644
1659	-122.276302	37.909719
1660	-121.827564	37.343669
1664	-121.295068	38.728567
1674	-122.415807	37.783144
1677	-122.43170400000001	37.806828
1682	-122.438956	37.769557
1685	-122.23788200000001	37.738843
1686	-122.399294	37.799689
1687	-122.410215	37.799144
1688	-122.41344199999999	37.793177
1689	-122.40492900000001	37.790316
1690	-122.409916	37.791087
1691	-122.411948	37.785734000000005
1692	-122.410909	37.779699
1694	-122.401823	37.782115999999995
1695	-122.33098100000001	37.784420000000004
1696	-122.44405400000001	37.758993
1697	-122.44520800000001	37.752307
1698	-122.41915300000001	37.759496
1699	-122.430425	37.754265000000004
1700	-122.42940800000001	37.749387
1701	-122.438464	37.745335
1702	-122.42986699999999	37.737365000000004
1703	-122.406246	37.759215999999995
1704	-122.410747	37.751426
1705	-122.402073	37.734257
1706	-122.414468	37.743891999999995
1707	-122.42155100000001	37.737590999999995
1708	-121.288451	37.818449
1710	-122.487043	37.732139000000004
1712	-121.224701	37.782825
1713	-121.49538700000001	37.717762
1714	-121.3657	37.785423
1715	-121.443785	37.750614
1717	-121.285257	37.719181
1718	-122.47975500000001	37.719314000000004
1719	-121.47383500000001	37.602365
1720	-122.504795	37.742048
1721	-122.165755	37.487701
1722	-122.46923500000001	37.784566999999996
1723	-122.42191499999998	37.622417
1724	-122.146014	37.467027
1725	-122.18608200000001	37.443701000000004
1726	-122.19416100000001	37.435071
1727	-122.210497	37.472262
1728	-122.409885	37.623598
1729	-122.371269	37.592005
1730	-122.416428	37.687487
1731	-122.45616100000001	37.697532
1732	-122.491143	37.677029
1733	-122.215623	37.445104
1734	-122.186631	37.466753999999995
1735	-122.34494	37.567675
1736	-122.20500700000001	37.423604
1737	-122.21623799999999	37.376926
1738	-122.48824099999999	37.690917
1739	-122.465667	37.687704
1740	-122.478627	37.669026
1741	-122.47072299999999	37.657554
1742	-122.45558100000001	37.662673
1743	-122.406448	37.628033
1744	-122.41873100000001	37.601238
1745	-122.387677	37.579458
1746	-122.331795	37.581375
1747	-122.29393400000001	37.572573
1748	-122.32638500000002	37.56243
1749	-122.33878	37.528459999999995
1750	-122.34531899999999	37.523002000000005
1751	-122.31206100000001	37.532812
1752	-122.31371399999999	37.544191999999995
1753	-122.259472	37.551835
1754	-122.26288000000001	37.541465
1755	-122.28414599999999	37.54572
1756	-122.31131	37.516921999999994
1757	-122.234508	37.467684999999996
1758	-122.28318300000001	37.497465000000005
1759	-122.26905500000001	37.463246000000005
1760	-122.24861899999999	37.480230999999996
1761	-122.242172	37.484518
1762	-122.278003	37.408733000000005
1763	-122.294931	37.326955
1764	-122.488786	37.782562
1768	-122.468492	37.777376000000004
1770	-122.491327	37.753211
1771	-122.46690100000001	37.748332
1772	-122.45678000000001	37.743491999999996
1773	-122.45336100000002	37.719215999999996
1774	-122.468507	37.719215000000005
1775	-122.456728	37.715132000000004
1776	-122.48215400000001	37.752696
1777	-122.496623	37.777032
1778	-122.504673	37.779552
1779	-122.491768	37.725046999999996
1780	-122.39087099999999	37.736915
1781	-122.398812	37.753886
1783	-122.418494	37.717308
1784	-121.29893700000001	37.952464
1785	-121.29013	37.943984
1786	-121.31905	37.939805
1787	-121.32751599999999	37.978196999999994
1789	-121.256882	37.975839
1800	-121.467009	37.911602
1804	-121.97859	36.997283
1805	-121.97028	36.964376
1806	-121.91870300000001	37.026297
1807	-121.930618	36.98658
1808	-121.87615600000001	36.980028000000004
1809	-121.810768	36.903044
1810	-121.44290900000001	38.552226
1813	-121.80588300000001	37.010871
1814	-121.47655300000001	38.562228000000005
1821	-121.419822	38.642707
1824	-122.01737	37.344397
1825	-122.058318	37.343073
1826	-122.041587	37.355534999999996
1827	-122.04131699999999	37.364942
1829	-122.00258799999999	37.361297
1830	-122.03083799999999	37.372898
1831	-122.00636200000001	37.380537
1832	-122.06121399999999	37.379453999999996
1833	-122.056913	37.398982000000004
1834	-122.079773	37.389866999999995
1838	-122.072083	37.369616
1839	-121.473745	38.629728
1842	-121.492574	38.644116
1845	-121.57181399999999	38.660444
1847	-122.094501	37.383973
1848	-122.100999	37.371684
1849	-122.115923	37.37529
1850	-122.12145100000001	37.39266
1851	-122.13349299999999	37.446637
1852	-122.15809099999998	37.422517
1853	-122.09853700000001	37.353856
1856	-121.815021	37.34347
1865	-121.326637	38.681743
1868	-121.89207900000001	37.359189
1869	-122.129597	37.353562
1870	-121.85502	37.221189
1871	-121.891223	37.228287
1872	-121.884441	37.244177
1873	-121.767951	37.255246
1874	-121.8688	37.260515999999996
1875	-121.858934	37.25295
1876	-121.82451499999999	37.230315000000004
1877	-121.79428899999999	37.233117
1884	-121.846741	37.36192
1885	-121.84983799999999	37.383724
1886	-121.828379	37.374106
1887	-121.814907	37.364709999999995
1888	-121.81953100000001	37.382692
1889	-121.85483	37.388993
1890	-121.871996	37.386519
1891	-121.89234599999999	37.376342
1892	-121.86853500000001	37.372686
1893	-121.882699	37.399370000000005
1894	-121.898175	37.44113
1895	-121.87040400000001	37.425633000000005
1896	-121.62918400000001	37.030269
1897	-121.42929199999999	38.587245
1898	-121.427523	38.603644
1899	-121.51249299999999	38.501053999999996
1903	-121.906679	37.340453000000004
1904	-121.883757	37.335032
1905	-121.878642	37.347626
1906	-121.866221	37.345671
1907	-121.875796	37.330110999999995
1908	-121.84723500000001	37.430929
1909	-121.86594099999999	37.458622
1910	-121.964569	37.35955
1911	-121.99133	37.360983000000004
1912	-121.986023	37.342217
1913	-121.946463	37.35102
1914	-121.956294	37.330324
1915	-121.971971	37.331031
1916	-121.991871	37.301764
1917	-121.986179	37.313894
1918	-121.974764	37.303598
1919	-121.93115300000001	37.321983
1920	-121.92514299999999	37.312953
1921	-121.920654	37.298569
1922	-121.91577	37.289879
1923	-121.92698200000001	37.28696
1924	-121.93861799999999	37.2712
1925	-121.92318600000002	37.256190999999994
1926	-121.898504	37.26375
1927	-121.885597	37.251225
1928	-121.88451200000002	37.268192
1929	-121.94570300000001	37.302469
1930	-121.949436	37.275326
1931	-121.970698	37.289545000000004
1932	-121.963202	37.276103000000006
1933	-121.95458899999998	37.241926
1934	-121.988473	37.218858000000004
1935	-121.96741999999999	37.248335
1936	-122.00559299999999	37.259506
1937	-122.017395	37.288622
1938	-121.82173600000002	37.290504999999996
1939	-121.833551	37.311458
1940	-121.83728400000001	37.302079
1941	-121.769699	37.353151000000004
1942	-121.77426100000001	37.332043
1943	-121.76398200000001	37.326431
1944	-122.402249	37.721503000000006
1945	-121.772226	37.282140999999996
1946	-121.804682	37.306911
1947	-122.058203	37.272075
1948	-122.06385300000001	37.297992
1949	-122.02938799999998	37.302764
1950	-121.840093	37.333023
1951	-122.412392	37.71314
1952	-121.853121	37.344961
1954	-121.156167	37.727044
1955	-122.49431399999999	37.541794
1965	-121.51629199999999	37.009689
1966	-121.57133200000001	37.015594
1967	-121.99663500000001	36.998087
1968	-122.06456200000001	36.974169
1969	-122.01605	36.97418
1970	-122.027041	36.966848
1971	-121.742121	36.921761
1972	-121.77040900000001	36.906196
1978	-121.769572	36.931105
1979	-121.792383	36.938096
1980	-122.160476	37.087446
1981	-122.08721299999999	37.078625
1982	-122.001246	38.35244
1988	-121.375427	36.83193
1989	-122.03677900000001	37.09806
1990	-121.847926	38.442692
1991	-121.93967099999999	38.260104999999996
1992	-121.8992	37.084458000000005
1993	-122.03103300000001	38.247292
1994	-121.999778	38.248518
1995	-122.03586299999999	38.426245
1996	-122.233433	38.136331
1997	-122.439668	38.320688
1998	-122.52781399999999	38.30818
1999	-121.60436999999999	38.694925
2000	-122.22766200000001	38.148419
2001	-122.64120700000001	38.265881
2002	-122.63051200000001	38.202458
2003	-122.65458999999998	38.24331
2004	-122.905677	38.478114
2005	-122.046566	38.576643
2008	-122.642779	38.518446000000004
2009	-123.012527	38.478045
2010	-122.741601	38.579654999999995
2011	-122.82675400000001	38.616147999999995
2012	-122.177745	38.058994
2013	-122.194526	38.105312
2014	-122.98773700000001	38.377328999999996
2015	-121.879663	36.49552
2016	-122.16676499999998	38.062509000000006
2017	-121.384006	36.573685
2020	-122.221065	38.2346
2021	-122.351021	38.378088
2022	-122.217463	38.072369
2023	-122.24367099999999	38.088829
2024	-122.258202	38.101804
2025	-122.472707	38.475511
2026	-122.544918	38.606871000000005
2027	-122.250243	38.112155
2028	-122.267777	38.117346999999995
2029	-122.14105500000001	38.156966
2033	-120.96603400000001	37.604479
2049	-122.703153	38.314878
2050	-122.70706399999999	38.32113
2051	-122.699184	38.357485
2052	-122.684873	38.338497
2053	-122.681665	38.327295
2056	-122.731775	38.439169
2057	-122.624679	38.414413
2058	-122.59876200000001	38.421796
2059	-122.655979	38.463635
2060	-122.775521	38.49816
2061	-122.74924399999999	38.457172
2062	-122.803497	38.474622
2063	-122.799205	38.430583
2064	-122.734254	38.418665000000004
2065	-122.775297	38.39058
2066	-122.304409	38.335671999999995
2067	-122.31911299999999	38.315096999999994
2068	-122.80177900000001	38.383818
2069	-122.33153999999999	38.332516999999996
2070	-122.32613500000001	38.295138
2071	-122.794675	38.340043
2072	-122.88118700000001	38.343488
2073	-123.01677099999999	38.809442
2074	-122.280449	38.203429
2076	-121.05846100000001	37.73744
2078	-122.47883999999999	38.507866
2082	-121.766356	38.659532
2086	-121.740738	38.671193
2100	-121.622863	36.729859999999995
2101	-121.62076699999999	36.714424
2102	-121.633039	36.682303999999995
2103	-121.609541	36.687409
2104	-121.655782	36.67539
2105	-122.540259	38.104853000000006
2106	-121.669307	36.688958
2107	-121.76861699999999	36.875215000000004
2108	-121.693504	36.844433
2109	-121.67519399999999	36.816598
2110	-121.918775	36.551278
2111	-121.913836	36.619223999999996
2112	-121.929965	36.625444
2113	-121.80002900000001	36.711201
2114	-122.58446	38.097184999999996
2115	-122.56067900000001	38.089919
2116	-122.51893500000001	38.055285999999995
2117	-122.496407	38.003640000000004
2118	-122.58979	38.035371000000005
2119	-122.55028600000001	37.984192
2120	-122.537231	37.969947999999995
2121	-122.501421	37.960072
2122	-121.81881299999999	36.576487
2123	-121.855713	36.594656
2124	-121.798244	36.653033
2125	-121.749575	36.837087
2126	-122.27475	38.288226
2127	-122.522474	37.901559000000006
2130	-122.593319	37.972497
2131	-122.530657	37.945496
2132	-122.52208700000001	37.950875
2133	-122.524204	37.925107000000004
2134	-122.463675	37.874548
2135	-122.541224	37.912869
2136	-122.53026000000001	37.870965999999996
2137	-122.500051	37.86683
2145	-121.93568700000002	37.305973
2146	-121.93950600000001	37.280421000000004
2147	-121.851525	37.327289
2148	-121.831111	37.305611
2149	-121.797473	37.341762
2150	-121.79249899999999	37.334028
2151	-121.7436	37.284015000000004
2152	-121.867823	37.358593
2153	-121.83574099999998	37.382815
2154	-121.82758500000001	37.412804
2155	-122.09144099999999	37.437321000000004
2156	-122.49125900000001	38.321641
2157	-122.018102	37.528855
2158	-122.467647	38.342835
2159	-122.55629499999999	38.467315
2160	-122.664158	38.47814
2161	-122.734268	38.434857
2162	-121.91395	37.723531
2163	-122.82878400000001	38.384347999999996
2164	-122.780612	38.533485
2169	-122.021904	37.401540999999995
2170	-121.923353	37.390913
2171	-121.92441299999999	37.36558
2172	-121.971074	37.281902
2173	-121.93771000000001	37.246951
2174	-122.293843	37.913957
2176	-121.88296299999999	37.671834000000004
2184	-121.869697	37.671559
2186	-121.78437	37.691132
2187	-122.31655900000001	37.803922
2192	-121.740169	37.894763
2193	-121.787517	38.00912
2194	-121.815509	37.986663
2195	-121.86448600000001	38.004042
2196	-121.92531299999999	37.993632
2197	-122.027721	38.034521000000005
2198	-122.077495	37.960524
2199	-122.048331	37.958161
2200	-122.018796	37.919342
2201	-122.29118999999999	37.943403
2202	-122.02228500000001	37.8091
2203	-122.120675	37.930153999999995
2204	-122.06476599999999	37.864567
2205	-122.140156	37.855361
2206	-121.90798400000001	37.788829
2207	-122.256611	38.04327
2208	-122.27864699999999	38.01034
2209	-122.33103600000001	37.971847
2210	-122.357276	37.929097999999996
2212	-122.26588400000001	37.848445
2213	-122.273573	37.831222
2214	-122.208582	37.811888
2215	-122.23061000000001	37.79807
2216	-122.200851	37.802896000000004
2217	-122.197171	37.769618
2218	-122.186452	37.781681
2219	-122.182966	37.766002
2220	-122.179267	37.745421
2221	-122.030776	37.236846
2222	-122.05556499999999	37.334644
2223	-122.0805	37.339381
2224	-122.276124	37.898044
2225	-122.24191	37.824219
2226	-122.066397	37.681115000000005
2227	-122.101444	37.674791
2228	-122.065329	37.671621
2229	-122.1496	37.45219
2230	-121.765547	37.724462
2231	-122.39393500000001	37.60722
2232	-121.93066499999999	37.16733
2233	-121.866727	37.245678000000005
2234	-121.637325	37.098985
2235	-121.823728	38.45075
2236	-122.112489	37.611213
2237	-121.929252	37.531065000000005
2238	-121.60587	37.063846000000005
2239	-121.590069	36.981288
2240	-122.1649	37.428082
2241	-122.061844	36.956252
2242	-122.138051	37.133393
2243	-121.878409	36.956986
2244	-122.346899	37.545708000000005
2245	-122.323218	37.523231
2246	-122.288602	37.562597
2247	-122.276124	37.558671999999994
2248	-122.287636	37.520458000000005
2249	-122.263778	37.49581
2250	-122.28153799999998	37.483743
2251	-122.20353700000001	37.431371999999996
2252	-121.96726299999999	38.353138
2253	-121.78389299999999	38.186095
2254	-121.72338500000001	38.54071
2257	-121.605906	36.697098
2258	-121.926055	36.612221000000005
2259	-121.88669499999999	36.591242
2262	-122.590902	38.115877000000005
2263	-122.602197	38.006388
2265	-121.67412	36.585522999999995
2269	-121.84918400000001	36.614245000000004
2270	-121.75456899999999	36.617045000000005
2271	-121.774049	36.703573999999996
2272	-122.27196699999999	38.312094
2273	-122.45693999999999	38.503257
2275	-121.84754	38.002309000000004
2281	-122.49238100000001	37.906565
2282	-121.475131	38.422891
2288	-121.398627	38.543764
2295	-121.30480700000001	38.574304999999995
2304	-122.02033	37.362053
2305	-122.09244199999999	37.406181
2306	-121.362978	38.00931
2307	-122.00438500000001	37.507969
2308	-122.39369599999999	37.787289
2309	-121.330324	37.958135
2311	-122.42286399999999	37.805269
2312	-122.433327	37.791008000000005
2313	-122.429552	37.783446999999995
2314	-122.429281	37.771806
2315	-122.42035700000001	37.76963
2316	-122.41396200000001	37.751279
2317	-122.42068400000001	37.743632
2318	-122.436198	37.728285
2319	-122.43235200000001	37.723290999999996
2320	-122.41638799999998	37.709426
2321	-122.45983400000001	37.763834
2322	-122.458022	37.728479
2323	-122.497499	37.742461999999996
2324	-121.3259	37.983188
2325	-121.382103	38.027432
2327	-121.21998799999999	37.989364
2328	-121.106553	37.771351
2329	-121.47571699999999	37.784847
2330	-122.45298899999999	37.705034999999995
2332	-122.268127	37.859559000000004
2335	-121.94561499999999	36.980228000000004
2336	-121.98325600000001	38.324327000000004
2337	-122.585525	38.005221999999996
2339	-122.415605	37.535932
2340	-122.41103400000001	37.783069
2341	-121.86078700000002	37.026565000000005
2342	-122.18993300000001	37.794031
2343	-122.37610600000001	37.735049
2344	-122.461523	37.777791
2345	-122.34970600000001	37.57666
2346	-122.251741	37.826369
2347	-122.255505	37.798448
2348	-122.166257	37.771239
2349	-122.276746	37.859334000000004
2350	-122.284479	37.771494
2351	-122.08503300000001	37.722475
2352	-122.22423799999999	37.479299
2353	-122.08950700000001	37.627894
2354	-121.987998	37.577988
2355	-121.974915	37.563715
2356	-121.89041499999999	37.719656
2357	-121.840057	37.725978999999995
2358	-121.776592	37.67208
2359	-122.29253899999999	38.004487
2362	-121.90002700000001	37.407964
2363	-122.00180900000001	37.316302
2364	-121.42506399999999	36.859825
2367	-122.22214	37.886595
2368	-121.82641399999999	37.843511
2370	-122.00619499999999	37.346402000000005
2374	-121.882305	37.440138
2375	-121.94363899999999	37.343059000000004
2376	-121.955468	37.211896
2377	-122.08618700000001	37.369003
2378	-122.17446299999999	37.438562
2380	-122.911847	38.513094
2383	-121.21421000000001	38.572665
2387	-122.26775900000001	38.136812
2388	-122.166684	38.075769
2389	-121.950142	38.357508
2390	-121.75453999999999	36.911434
2393	-121.929814	37.891275
2394	-121.95384399999999	37.583871
2395	-121.992733	37.529266
2396	-121.924484	37.490043
2398	-121.80871699999999	38.464527000000004
2399	-122.537857	38.386033000000005
2400	-122.666137	38.209385
2401	-122.256196	37.884644
2402	-121.745527	37.311215999999995
2403	-122.24895500000001	37.862051
2404	-122.56639299999999	38.062796999999996
2405	-122.56505	37.963896000000005
2406	-122.431126	37.862268
2407	-121.89398899999999	37.304598
2408	-121.84159299999999	37.324247
2409	-121.89453799999998	37.692785
2414	-121.78088899999999	37.68645
2415	-122.271898	38.390448
2416	-121.873323	37.980814
2418	-122.36165	37.939612
2420	-122.34381200000001	37.991153999999995
2421	-122.22788	37.822417
2422	-122.061549	37.722644
2423	-122.08305	37.684428000000004
2424	-122.137795	37.669626
2425	-120.947055	37.587403
2429	-122.312844	38.332683
2430	-122.27245400000001	38.270531
2431	-122.06116499999999	37.643676
2434	-122.282173	37.811929
2435	-122.234991	37.835627
2436	-122.235142	37.788113
2437	-122.20286899999999	37.788025
2438	-122.15951100000001	37.787653999999996
2439	-122.04541499999999	38.245639000000004
2441	-122.425321	37.773491
2442	-122.418842	37.752272999999995
2443	-122.387902	37.760548
2444	-121.29475500000001	37.905798
2446	-121.120897	37.733985
2448	-122.25615400000001	37.528046999999994
2451	-122.479638	37.700195
2452	-122.460848	37.65567
2453	-122.37271799999999	37.566756
2454	-122.31778200000001	37.552569
2455	-122.267222	37.507166999999995
2456	-122.180167	37.456984999999996
2458	-122.464945	37.523414
2460	-122.407975	37.802289
2463	-122.467995	37.727221
2464	-122.506583	37.756240000000005
2465	-122.39369599999999	37.713334
2466	-122.390475	37.74449
2467	-121.350421	37.966902000000005
2468	-122.712597	38.441633
2469	-122.70114199999999	38.479627
2470	-122.76041799999999	38.470384
2471	-122.72491699999999	38.391411
2476	-121.631352	36.676863
2477	-121.673014	36.66039
2478	-121.922712	36.547422999999995
2479	-121.89696399999998	36.600733
2480	-121.949316	37.773144
2482	-122.10950600000001	37.998822
2483	-122.07198100000001	37.933362
2484	-121.980154	37.955261
2485	-122.067528	37.924576
2486	-122.011684	37.877756
2487	-122.26817199999999	37.968437
2488	-121.804949	37.262899
2489	-121.912353	37.437261
2490	-122.07534799999999	37.314406
2492	-121.284848	37.917126
2493	-121.34063799999998	38.006062
2495	-122.44825300000001	37.774373
2496	-122.43688	37.759763
2497	-122.41301599999998	37.736802000000004
2498	-122.432077	37.711328
2499	-122.45711299999999	37.722086
2500	-121.277953	37.889749
2501	-121.202028	37.800436
2502	-122.43443	37.702918
2503	-122.460594	37.646549
2504	-122.503196	37.590026
2505	-122.425308	37.633806
2506	-121.651472	36.693484999999995
2507	-121.831552	36.618534000000004
2510	-122.330176	37.553205
2511	-122.252955	37.489783
2512	-122.241424	37.539846999999995
2513	-122.142706	37.457996
2514	-121.81693100000001	37.27305
2515	-121.844206	37.240122
2516	-121.602678	37.134917
2519	-122.19480800000001	37.799212
2520	-122.053118	37.687833000000005
2521	-121.902657	37.249381
2522	-121.78916699999999	37.320636
2523	-121.80282	37.349284000000004
2524	-121.82066100000002	37.368925
2525	-121.99195	37.400813
2526	-121.945206	37.406171
2527	-121.568601	37.103426
2528	-122.096392	37.097351
2529	-121.92296599999999	36.977752
2530	-122.157101	37.761368
2531	-121.957213	37.70827
2532	-121.94406299999999	37.793949
2533	-122.02811799999999	37.534183
2534	-121.706849	37.957347999999996
2535	-121.95774399999999	37.308409999999995
2536	-122.10613300000001	37.392189
2537	-122.28668400000001	38.108416999999996
2538	-122.10429099999999	38.213328000000004
2539	-122.31388799999999	37.934168
2540	-122.198399	38.037278
2541	-122.002554	38.259824
2542	-121.99718200000001	38.361738
2543	-122.69556200000001	38.323083000000004
2544	-122.67479499999999	38.469266
2545	-122.738262	38.452016
2546	-122.854676	38.523254
2548	-121.02398400000001	37.664534
2549	-120.991394	37.637713
2553	-122.56099099999999	38.07785
2554	-122.50757	37.893637
2557	-121.686647	36.891998
2562	-121.62251299999998	36.796051
2563	-121.826407	36.532827000000005
2564	-121.70741299999999	36.80941
2565	-122.23024199999999	38.326584999999994
2568	-121.50584099999999	38.569332
2569	-121.469522	38.53447
2571	-121.46778400000001	38.410567
2573	-121.74156200000002	38.588618
2574	-121.756045	38.552768
2582	-122.399123	37.589201
2583	-121.284433	38.58579
2586	-121.411672	36.833047
2588	-122.037057	38.278126
2589	-122.008808	38.369651
2590	-122.629598	38.231355
2591	-122.04389499999999	37.667235999999995
2592	-121.968112	37.542111
2593	-121.911199	37.666269
2594	-121.893111	37.394296999999995
2595	-121.972696	37.361274
2596	-121.983814	37.243546
2597	-122.26840800000001	37.817747999999995
2599	-121.460733	38.519032
2601	-122.45076599999999	37.765471999999995
2603	-122.1319	37.740782
2605	-122.48751899999999	37.85082
2606	-122.444771	37.803643
2607	-122.175982	37.429686
2608	-121.76247099999999	37.947303000000005
2611	-122.13389	37.71443
2612	-122.295046	37.968284999999995
2613	-122.293378	37.561899
2614	-122.46654299999999	37.739171999999996
2616	-122.13861200000001	37.762353999999995
2618	-122.30944099999999	37.927644
2619	-121.464973	38.443740999999996
2620	-122.278471	37.866656
2621	-121.70634799999999	37.989385999999996
2622	-122.40386000000001	37.773723
2623	-121.969024	37.965303999999996
2624	-122.474167	37.763095
2625	-122.40631699999999	37.71141
2627	-121.618852	36.679605
2628	-122.03482	37.537254
2629	-122.37532	37.724968
2631	-121.829981	37.286121
2632	-122.299154	37.808784
2633	-122.172149	37.764308
2634	-122.309918	37.886394
2635	-122.082884	37.619576
2636	-122.57567900000001	37.978389
2639	-122.266779	37.549018
2640	-121.649146	36.713178000000006
2643	-122.389649	37.721389
2645	-121.30688899999998	37.961124
2646	-122.179033	37.760569
2647	-122.08354399999999	37.674485
2648	-121.82899099999999	38.003941
2650	-122.398601	37.599352
2652	-121.80741599999999	37.331122
2653	-121.8114	37.254867
2654	-122.53226000000001	37.982417
2655	-121.79122	36.681071
2656	-122.03724199999999	37.303177000000005
2658	-122.090531	37.394063
2659	-121.99533100000001	36.973632
2660	-122.512873	37.870148
2662	-121.795907	36.677443
2665	-121.97861200000001	37.540596
2666	-121.708053	37.931226
2669	-121.77618899999999	37.979599
2670	-121.85601499999999	37.369205
2671	-121.770389	37.969120000000004
2672	-121.95781000000001	38.343578
2673	-122.407991	37.744174
2675	-122.258199	37.564888
2676	-121.757847	37.295275
2677	-121.98165900000001	37.291988
2678	-122.72136200000001	38.420724
2682	-122.586859	38.130724
2686	-122.058326	37.536211
2687	-121.82926100000002	37.280581
2688	-121.99814599999999	37.920986
2689	-122.05939099999999	38.252833
2691	-122.41061699999999	37.606951
2694	-122.43103	37.787978
2695	-122.490628	37.746474
2697	-122.24088400000001	37.493961
2700	-122.437818	37.645134999999996
2701	-121.712769	37.055096999999996
2702	-122.70156999999999	38.333976
2703	-121.008471	37.637474
2706	-121.46692	38.394662
2708	-122.441149	37.662688
2709	-121.56338899999999	38.567786
