2	1727
2	1733
2	395
2	818
2	2352
2	1470
3	1407
3	1408
3	2151
3	1409
3	567
3	1398
5	1418
5	729
5	2619
5	2288
5	1132
6	752
6	366
6	2389
6	1219
6	2252
7	1204
7	1982
7	439
7	1205
7	2336
7	25
8	1226
8	1224
8	2001
8	138
8	1225
9	1674
9	644
9	643
9	20
9	905
9	1245
9	963
10	1238
10	1343
10	374
10	2076
10	2446
10	923
10	1221
11	1628
11	1632
11	1633
11	2480
11	623
11	892
12	577
12	2010
12	2026
12	2008
12	2078
12	2159
13	1194
13	111
13	850
13	1410
13	1177
14	2257
14	2100
14	2101
14	1159
14	1160
16	2258
16	786
16	2112
16	1172
16	2111
17	776
17	786
17	2479
17	1170
17	1171
17	2259
17	2110
17	897
20	79
20	905
20	434
20	643
21	1247
21	1677
21	2606
21	964
21	1258
21	906
23	1993
23	24
23	1213
23	270
23	573
24	1994
24	1214
24	1993
24	40
24	1213
24	2541
25	1982
25	2336
25	1217
25	753
25	2252
25	2542
26	755
26	75
26	1997
26	2158
26	2156
26	1998
27	2061
27	764
27	2469
27	142
27	2545
28	2011
28	2010
28	767
28	768
28	2164
30	1082
30	422
30	1060
30	600
30	1083
30	599
30	939
31	628
31	481
31	1069
31	937
31	1658
36	669
36	2501
36	1712
36	1954
36	1322
36	2327
36	2328
37	1357
37	1337
37	2223
37	2222
37	1825
38	1965
38	1444
38	2527
38	793
38	1719
38	2516
38	1409
38	2151
38	2402
39	253
39	2027
39	421
39	571
39	275
40	572
40	1213
40	401
40	2541
41	1605
41	334
41	1615
41	489
41	1606
42	622
42	1027
42	2162
42	1575
42	2531
42	959
43	954
43	191
43	56
43	101
44	2643
44	2465
44	1944
44	78
44	965
44	1271
46	2632
46	323
46	1068
47	1520
47	1544
47	1521
47	1543
47	2220
47	1067
48	690
48	1898
48	1148
48	1133
48	694
52	1274
52	1886
52	1254
52	552
52	2153
52	715
55	1651
55	102
55	57
55	2201
55	2612
55	2539
56	1653
56	2418
56	291
56	1652
56	191
56	2420
56	1114
56	101
57	1651
57	1051
57	2612
57	627
57	2209
57	479
57	954
58	2212
58	194
58	2213
58	456
58	283
58	464
58	1512
59	1553
59	1473
59	2686
59	435
59	61
59	60
59	290
60	61
60	958
60	1555
60	290
60	216
60	1556
61	2686
61	1107
61	1567
61	958
62	105
62	2355
62	1562
62	2592
62	2665
62	63
63	219
63	2395
63	105
63	2665
63	326
64	2157
64	2395
64	1563
64	104
64	219
64	472
64	2533
65	2395
65	2307
65	1557
65	889
65	325
65	326
66	2396
66	195
66	1565
66	1909
66	1564
66	1287
66	1566
69	2123
69	2269
69	884
69	160
69	787
73	2589
73	1201
73	1204
73	2588
73	1203
74	917
74	300
74	2407
74	176
74	1236
74	1907
74	131
75	834
75	1223
75	755
75	1998
76	2002
76	834
76	1998
76	138
76	922
76	756
77	2407
77	696
77	917
77	1922
77	936
77	820
78	302
78	2629
78	2643
78	1780
78	965
79	905
79	434
79	1688
79	641
79	165
80	1276
80	867
80	907
80	445
80	1260
81	659
81	2318
81	1295
81	649
81	1702
81	1701
82	1781
82	1703
82	2673
82	1704
82	651
83	2380
83	777
83	2546
83	941
83	2011
83	767
86	2305
86	87
86	562
86	830
86	346
87	741
87	2155
87	927
87	2305
87	562
88	1399
88	1965
88	1966
88	569
89	268
89	420
89	239
89	1967
89	1969
89	1425
89	252
89	2659
90	409
90	1451
90	2503
90	1450
90	1741
91	2455
91	119
91	2697
91	2512
91	817
91	2448
92	1899
92	2568
92	2709
92	804
92	188
92	505
92	126
93	1845
93	1999
93	2573
93	2709
93	2254
93	2398
93	150
94	1482
94	1479
94	2574
96	1072
96	2620
96	1074
96	1516
97	2367
97	1644
97	596
97	462
97	2224
97	1659
98	608
98	151
98	458
98	1559
99	459
99	2436
99	591
99	2215
99	1535
99	287
100	2209
100	627
100	1547
100	2420
100	893
101	954
101	1051
101	1652
102	1651
102	1655
102	1047
102	2539
103	448
103	1555
103	958
103	472
103	1567
104	1563
104	217
104	448
104	472
104	1554
105	2355
105	217
105	219
107	1517
107	422
107	1084
107	600
107	386
108	2227
108	1100
108	468
108	864
108	888
109	2174
109	481
109	1054
109	1522
109	1658
111	1194
111	1664
111	850
113	646
113	1682
113	2495
113	445
113	537
113	2314
113	1278
115	1719
115	230
115	1713
115	1403
115	1405
116	315
116	2352
116	1761
116	1757
116	1470
116	1760
117	2502
117	1731
117	1647
117	2330
118	1758
118	1467
118	817
118	2248
118	2455
118	1468
119	2455
119	2697
119	2249
119	2511
122	637
122	2253
122	1612
122	1011
122	150
122	1356
122	177
123	1336
123	1824
123	153
123	1335
123	931
123	738
123	152
125	1850
125	1358
125	830
125	562
125	742
125	881
126	804
126	707
126	1369
126	505
127	1852
127	1359
127	743
127	1851
127	2229
128	1884
128	703
128	1952
128	715
128	551
131	300
131	1907
131	351
131	133
131	1262
132	133
132	549
132	1940
132	1939
132	2408
132	2147
133	300
133	549
133	1262
133	2147
134	557
134	1937
134	437
134	1916
134	2363
135	1215
135	276
135	1205
135	1218
135	1991
135	752
136	752
136	1218
136	1216
136	2672
136	1217
137	1219
137	754
137	1995
137	2589
137	2542
138	1224
138	1227
138	1998
138	922
138	2001
138	756
138	2590
138	1225
141	1263
141	254
141	2471
141	262
141	2678
142	2468
142	2056
142	758
142	2469
142	2545
143	2468
143	758
143	301
143	757
143	262
146	2066
146	791
146	2429
146	2067
146	840
146	761
146	1185
146	1183
146	295
150	2709
150	2398
150	1356
150	2706
150	2253
150	2235
150	2282
150	1128
150	1899
151	609
151	2597
151	608
151	610
151	458
152	1335
152	1334
152	931
152	829
152	1949
153	2370
153	1912
153	721
153	455
153	2363
153	1335
153	1824
154	438
154	1824
154	2370
154	1829
154	1338
154	739
154	2304
155	2169
155	304
155	904
155	1833
155	237
155	920
155	740
155	559
156	832
156	566
156	2515
156	1406
156	746
156	876
156	273
156	187
156	564
157	309
157	1407
157	565
157	1385
157	349
158	2101
158	2100
158	1156
158	2640
158	1160
158	204
159	1152
159	948
159	2271
159	1156
159	2564
159	1154
159	1157
159	2106
159	783
160	2122
160	2563
160	897
160	2123
160	787
165	906
165	645
165	1257
165	452
165	641
165	434
167	466
167	1088
167	1089
167	1090
167	1521
167	277
167	1067
168	1089
168	288
168	388
168	2675
168	338
168	1096
168	1101
169	1585
169	1584
169	2647
169	1594
169	2227
169	2423
169	603
169	814
170	745
170	1381
170	1870
170	1385
170	1876
170	1406
171	865
171	1608
171	282
171	624
171	1032
171	2205
172	240
172	1813
172	1808
172	2529
172	2243
172	1979
173	193
173	699
173	549
173	187
173	876
173	2687
173	2631
173	1940
174	1946
174	1248
174	1243
174	875
174	2652
175	1868
175	1232
175	1903
175	545
175	396
175	1905
176	184
176	1237
176	2407
176	1236
176	546
177	1011
177	414
177	1356
177	342
177	1800
178	986
178	985
178	2186
178	2414
178	2358
178	224
179	1373
179	1390
179	855
179	451
179	729
179	1415
179	1417
181	611
181	2597
181	1045
181	284
181	612
182	1183
182	849
182	1185
182	2126
184	1903
184	545
184	1237
184	1904
184	1236
184	544
186	2614
186	661
186	859
186	1710
186	2695
186	2323
187	832
187	876
187	699
188	2568
188	505
188	1146
191	2420
191	954
191	479
191	893
193	549
193	300
193	917
193	975
193	391
193	699
194	2212
194	2213
194	1030
194	885
194	886
195	1270
195	303
195	2396
195	1566
196	2184
196	983
196	2176
196	221
196	2409
196	328
198	331
198	329
198	223
198	330
198	1558
199	1620
199	1713
199	1590
199	1505
199	331
204	2640
204	1160
204	783
204	2506
204	2102
206	2315
206	208
206	2622
206	1279
206	1246
206	1703
206	1692
206	650
207	1699
207	1281
207	2442
207	1700
207	1282
207	2317
208	2315
208	1698
208	1703
208	651
209	2465
209	2625
209	1944
209	1951
209	1630
210	2451
210	1297
210	676
210	1775
210	1774
210	1437
211	1275
211	1292
211	663
211	1291
211	1722
211	1768
212	1689
212	1686
212	642
212	1244
212	533
215	1978
215	1440
215	1971
215	2390
215	1426
216	1551
216	614
216	290
216	1556
217	2355
217	2354
217	1563
217	219
217	1554
218	220
218	2237
218	1207
218	473
218	382
218	325
219	2395
219	1563
220	1565
220	1564
220	2237
220	1207
221	2176
221	981
221	2593
221	328
222	1589
222	816
222	983
222	2356
222	1574
223	984
223	1590
223	1505
223	331
223	1558
224	2358
224	984
224	986
225	480
225	2210
225	1052
225	2418
225	1652
225	1051
229	2500
229	2501
229	1401
229	1712
229	1708
230	1714
230	1404
230	1717
230	1719
230	1403
230	862
231	973
231	1715
231	862
231	1404
231	540
232	1724
232	1473
232	2155
232	347
232	1851
232	2513
233	1452
233	410
233	678
233	543
233	1451
233	2503
233	542
234	2629
234	1447
234	1449
234	1743
234	2231
234	1729
234	1746
234	528
235	1236
235	1907
235	1904
235	688
237	904
237	1831
237	1338
237	1830
237	559
238	2241
238	2112
238	1805
238	1495
238	1425
238	748
238	1970
239	1439
239	1432
239	1431
239	1967
239	1424
239	420
240	1440
240	1813
240	1978
240	1979
240	1429
241	2262
241	2114
241	1111
241	2682
241	2115
241	2105
242	1115
242	403
242	2654
242	2119
242	2636
242	2337
243	291
243	423
243	2121
243	264
246	2051
246	945
246	1264
246	2702
246	2052
247	846
247	1152
247	2106
247	1153
247	2104
251	1945
251	1873
251	2488
251	1877
251	349
251	921
251	565
251	2653
252	1967
252	1804
252	2659
252	274
253	372
253	2027
253	883
253	275
254	1263
254	1264
254	2471
254	945
254	2051
262	1263
262	757
262	2468
262	1255
262	2678
264	2131
264	2132
264	2121
264	423
264	2654
264	2120
268	748
268	420
268	1969
268	1970
269	1481
269	316
269	1019
269	332
269	2388
269	2016
270	2588
270	400
270	1213
270	573
272	1274
272	821
272	1856
272	1660
273	1406
273	1876
273	921
273	1386
273	564
274	1804
274	312
274	1805
274	1495
274	2659
275	571
275	397
275	883
275	570
275	370
275	371
276	1214
276	1991
276	1994
276	1215
276	1205
276	401
276	2541
277	1090
277	388
277	595
277	1067
279	828
279	636
279	826
279	2621
279	2534
279	486
280	1605
280	334
280	618
280	1604
280	1023
280	1614
281	1024
281	1617
281	953
281	1615
281	620
281	1023
281	334
282	865
282	1033
282	1034
282	2205
283	1081
283	456
283	1518
283	1516
283	464
284	1527
284	2346
284	612
284	1030
284	2597
284	886
285	808
285	1504
285	1080
285	2187
285	2632
285	1068
285	863
286	323
286	1559
286	608
286	1068
286	2434
287	1062
287	1536
287	592
287	1535
287	2215
288	447
288	976
288	1089
288	1096
289	1548
289	607
289	606
289	1103
290	614
290	470
290	435
291	1653
291	1120
291	2121
291	423
291	2117
291	1114
294	2430
294	849
294	2074
294	295
294	2070
294	798
294	1183
295	840
295	2070
295	1183
296	2020
296	841
296	2000
296	762
296	398
297	1479
297	2005
297	2235
297	2398
297	1990
299	2311
299	532
299	1687
299	866
299	452
300	917
300	549
301	2544
301	757
301	758
301	2469
302	2343
302	2629
302	2466
302	1780
303	1270
303	2396
303	889
303	2169
303	554
303	304
303	1303
303	1302
303	2525
303	1557
304	2169
304	1557
304	1568
304	2155
304	741
304	345
304	1833
305	911
305	1318
305	1320
305	2492
305	969
305	1785
306	2169
306	554
306	2525
306	1339
306	904
308	1838
308	2377
308	1847
308	1834
308	561
309	1873
309	2151
309	565
309	1407
311	1738
311	1779
311	1718
311	1297
311	2451
312	2335
312	1804
312	1805
313	406
313	2586
313	1445
313	2364
314	2503
314	542
314	2700
314	2708
314	2452
314	1742
315	2352
315	1761
315	2512
315	2697
315	818
316	1481
316	2029
316	2388
316	751
316	1465
316	2013
321	1499
321	1559
321	1534
321	610
321	1056
321	458
321	2347
322	611
322	1045
322	1046
322	612
322	809
323	2632
323	1559
323	1510
323	1577
323	2187
323	1068
324	981
324	1578
324	1565
324	2237
324	2394
324	1562
324	473
325	1207
325	382
325	889
325	326
326	2665
326	2592
326	2395
326	382
328	2409
328	980
328	1575
328	2593
328	959
328	1570
329	2230
329	1620
329	331
329	330
330	2230
330	2186
330	1558
330	2414
331	1620
331	1505
332	1603
332	1602
332	1018
332	1019
332	2016
333	389
333	1098
333	468
333	1100
333	1097
333	2424
334	1605
334	1615
334	1023
335	1622
335	2648
335	1013
335	1623
335	2194
335	1624
338	2236
338	1721
338	2675
338	2512
338	974
338	1101
339	1727
339	530
339	394
339	818
342	2327
342	1442
342	2493
342	1356
342	1800
342	2325
344	2364
344	1965
344	2586
344	896
344	2100
344	2562
344	1399
344	2239
345	741
345	1834
345	1833
345	920
345	561
346	2658
346	2305
346	830
346	1847
346	2536
347	927
347	2155
347	881
347	1359
347	1851
349	1877
349	1385
349	565
351	1906
351	688
351	1907
351	1235
351	1262
352	436
352	1925
352	2521
352	1926
352	936
352	1220
353	2150
353	1942
353	2652
353	1248
353	2522
362	1128
362	2619
362	852
362	2288
365	1432
365	1992
365	1439
365	1806
365	1807
365	1804
365	2335
366	1990
366	2005
366	754
366	752
366	1219
367	2071
367	2072
367	870
367	2400
367	1226
367	2049
367	2050
369	1465
369	2000
369	570
369	883
369	1996
370	1475
370	2013
370	570
370	371
371	1475
371	1476
371	397
371	749
371	2022
372	2027
372	750
372	1996
372	883
374	2425
374	583
374	2076
374	2383
374	2549
374	2548
374	1221
377	2627
377	2476
377	503
377	1182
377	784
377	788
378	884
378	2507
378	787
378	2124
378	2270
378	2122
380	1308
380	1919
380	1914
380	930
380	2535
380	2145
380	1929
382	473
382	2592
384	586
384	1479
384	2573
384	2254
385	2203
385	1644
385	2367
385	1031
385	477
386	2350
386	2629
386	1084
386	1083
386	1685
386	600
386	1746
386	1747
387	1093
387	1583
387	1098
387	1584
387	467
387	814
388	1066
388	1685
388	595
388	1089
388	1090
388	2675
389	447
389	1098
389	1096
389	1101
389	2424
390	1871
390	1330
390	436
390	1872
390	2521
391	975
391	698
391	832
391	699
391	1874
391	1928
392	1550
392	1484
392	1106
392	2635
392	1548
392	1103
392	2353
393	2236
393	1553
393	470
393	614
393	1106
393	2635
394	2512
394	1721
394	530
394	1472
394	818
394	1734
395	935
395	1733
395	1757
395	1470
396	716
396	1892
396	1868
396	2152
396	1905
396	1234
397	749
397	571
398	750
398	2387
398	762
398	1996
398	2000
399	1201
399	2538
399	1206
399	2689
399	1203
399	1212
400	2588
400	573
400	1212
401	572
401	1205
401	439
401	2541
403	2404
403	2118
403	1115
403	2337
406	1988
406	2586
406	1444
406	1445
408	2502
408	1731
408	1730
408	1739
408	2708
408	915
408	1742
408	1443
409	2504
409	1732
409	1451
409	1450
410	1744
410	2339
410	2458
410	678
410	1456
410	1452
414	1610
414	1621
414	1011
414	1012
414	1800
415	1019
415	2197
415	617
415	1604
415	1598
415	2482
415	1592
415	618
416	488
416	2485
416	1618
416	475
416	1616
417	1657
417	628
417	1047
417	1069
417	1654
417	1655
418	2374
418	1909
418	822
418	1895
418	1908
419	722
419	2535
419	1918
419	1310
419	723
419	1931
420	748
420	1424
421	571
421	2027
421	2024
421	2023
422	1082
422	600
422	1517
422	1499
423	2117
423	2654
431	843
431	1073
431	1515
431	2401
432	1712
432	1717
432	1714
432	1401
432	1708
433	680
433	2454
433	1752
433	1454
433	682
433	2613
434	536
434	643
434	2313
434	2694
434	1257
435	1553
435	470
436	1330
436	724
436	1925
436	2521
437	1937
437	2363
437	1335
437	1334
438	1826
438	738
438	1824
438	1336
438	1827
438	1830
438	2304
439	1204
439	1205
439	2588
439	572
440	1186
440	2069
440	2070
440	840
440	2067
440	761
443	1696
443	647
443	2496
443	1682
443	1278
445	907
445	1276
445	2495
445	537
446	2421
446	949
446	591
446	2215
446	1531
447	976
447	1094
447	1098
447	1095
447	1096
448	1555
448	615
448	472
448	1554
451	855
451	1412
451	1417
451	2583
451	2295
452	2311
452	866
452	641
452	645
454	1269
454	2489
454	1894
454	719
454	1270
455	1915
455	1309
455	2363
455	721
456	1498
456	2213
456	1081
457	609
457	2597
457	2213
457	808
457	863
457	886
458	1559
458	610
459	1534
459	1082
459	2436
459	591
459	1059
459	1533
460	1537
460	2437
460	593
460	1064
460	1462
460	1538
461	2646
461	1542
461	595
461	2220
461	1543
462	1524
462	2224
462	1525
462	596
462	1071
463	812
463	843
463	813
463	2332
463	2349
463	2620
463	1514
464	2349
464	1518
464	1512
465	2422
465	601
465	1086
465	602
465	2520
465	1085
465	1585
466	1088
466	1089
466	976
466	805
467	1098
467	814
468	864
468	1100
468	1596
468	2424
469	1597
469	1103
469	2353
469	815
469	940
470	614
470	1553
471	1105
471	2354
471	1554
471	615
471	1552
471	1492
472	2533
472	1567
473	1562
473	2592
473	2237
475	621
475	1026
475	1608
475	1025
475	2485
475	1609
475	1618
477	2367
477	1036
477	1031
477	1032
477	2205
478	1545
478	1050
478	2208
478	1546
478	2487
479	2209
479	954
479	893
480	1655
480	2210
480	1651
480	1051
481	628
481	2174
481	1657
481	1658
485	1610
485	2534
485	2666
485	486
486	2608
486	2192
486	2666
486	636
486	2534
487	2196
487	1626
487	1637
487	1636
487	891
487	1016
488	1616
488	1571
488	1599
488	2483
488	2485
489	1615
489	953
489	1022
489	619
489	1606
495	1723
495	1457
495	678
495	1744
495	2505
496	1185
496	791
496	2272
496	2066
496	2415
496	2565
499	950
499	1121
499	1118
499	2135
499	1119
503	1182
503	2477
503	2476
503	846
503	2104
505	1146
505	1369
505	1133
513	854
513	1842
513	1898
513	1839
513	1133
516	517
516	1664
516	850
516	1410
517	1412
517	1410
517	1865
517	1390
517	1821
517	1664
526	2493
526	2324
526	1326
526	2467
526	1787
526	1208
528	1729
528	1746
528	1460
528	679
528	2345
529	1751
529	681
529	1454
529	2248
529	1464
530	1727
530	1734
531	2378
531	1725
531	1734
531	2456
531	1360
532	2406
532	1686
532	2460
532	2311
532	1687
533	1244
533	1687
533	2460
533	1686
534	1259
534	964
534	2606
534	1292
534	1298
534	1261
535	2601
535	2321
535	2344
535	1298
535	2495
535	907
535	1261
536	643
536	1246
536	1277
536	2313
536	1276
537	1276
537	1277
537	2441
537	2314
540	1714
540	2329
540	1404
540	1715
541	1738
541	1732
541	1438
541	1739
541	677
541	1740
541	1443
542	543
542	2700
542	2503
543	678
543	2505
543	2700
544	695
544	1237
544	1903
544	687
544	1233
545	1903
545	1904
545	1905
546	695
546	1237
546	2407
546	696
546	1920
546	916
547	1928
547	1926
547	2521
547	1927
547	1874
548	1952
548	1235
548	1252
548	1262
548	1950
548	2408
548	2147
549	1940
550	702
550	1252
550	875
550	1660
551	1952
551	1252
551	715
552	2670
552	1884
552	1254
552	715
553	1285
553	929
553	1908
553	918
554	2169
554	2525
555	1304
555	2171
555	1302
555	2170
555	1181
556	823
556	1915
556	1307
556	721
556	1912
556	1910
556	2595
556	919
556	720
557	1937
557	725
557	1936
557	1311
557	1916
557	2677
558	1826
558	738
558	931
558	2222
558	1825
559	1827
559	740
559	1830
560	920
560	740
560	1832
560	1337
561	1834
561	920
561	1832
561	1838
562	830
562	927
562	881
563	831
563	1870
563	1871
563	1872
563	2233
564	1386
564	746
564	1388
564	2653
565	1873
566	2233
566	1870
566	832
566	2515
566	1875
567	1409
567	1396
567	1397
567	2516
567	1398
568	2527
568	2238
568	1966
568	569
568	747
569	1966
569	1399
569	2239
569	747
570	1465
570	2013
570	883
571	749
571	2023
572	2588
572	1213
573	2439
573	2689
573	1993
573	1212
577	2073
577	806
577	2026
577	2010
577	777
577	2011
577	941
583	1444
583	2017
583	1177
583	2383
583	1231
583	1230
583	2425
586	1479
586	1482
586	2573
586	2574
587	2005
587	806
587	1999
587	2082
587	1488
590	1532
590	1059
590	2347
590	1056
590	1046
590	1053
591	1059
591	2215
591	949
591	1053
592	1538
592	1062
592	1535
592	1060
593	1062
593	1537
593	1538
594	2437
594	1064
594	2217
594	2342
594	2218
594	1541
595	1542
595	1066
595	2220
595	1067
596	2367
596	2401
596	1071
597	2634
597	1513
597	1074
597	1072
597	1070
597	887
598	1049
598	1079
598	2403
598	1511
598	885
598	2212
598	1512
599	1060
599	1063
599	939
600	1083
601	2422
601	2351
601	1584
601	1585
602	1086
602	2520
602	2226
602	2423
603	2227
603	1100
603	1097
603	814
604	2647
604	1594
604	1102
604	607
604	606
604	1595
605	888
605	1594
605	1595
605	1597
605	940
606	607
606	1597
606	1103
606	1595
607	1102
607	2431
607	1548
608	1559
608	609
608	2434
609	2597
609	863
609	2434
610	1056
610	611
610	2597
611	1056
611	2597
611	1045
611	1046
612	2346
612	1045
612	809
613	1531
613	810
613	2214
613	2216
613	1537
614	1551
614	1106
614	1550
615	1555
615	1554
615	1552
615	1556
616	1636
616	1017
616	1638
616	1016
616	2196
616	1044
617	1604
617	1598
617	2198
618	1605
618	2197
618	1604
619	1022
619	2484
619	1606
619	1044
619	2623
620	2199
620	1024
620	1023
620	1614
621	1026
621	865
621	1608
621	2204
621	1613
622	1631
622	1027
622	2531
622	623
622	892
623	2531
623	1085
623	1633
623	892
624	1608
624	1031
624	2203
624	1025
624	1032
625	1546
625	627
625	2359
625	1645
625	2537
625	2420
625	1547
627	1546
627	2612
627	2209
627	1547
628	1657
628	1069
629	1280
629	1281
629	1698
629	2315
629	2441
629	2314
629	1278
636	828
636	2671
636	2608
637	2253
637	1612
637	2193
637	826
637	828
638	1625
638	1015
638	1637
638	891
641	866
641	1688
642	1689
642	1690
642	1244
643	1246
643	1674
644	1692
644	2340
644	1674
644	1691
644	1245
645	2311
645	1677
645	1247
645	906
646	2601
646	647
646	1682
646	2495
647	2601
647	1696
647	1682
648	1699
648	1281
648	2496
648	1280
649	1697
649	868
649	1295
649	1701
649	1700
650	1703
650	1781
650	908
650	2622
651	2316
651	1704
651	1703
651	1698
651	2442
652	1265
652	1646
652	1630
652	2497
652	1705
652	1271
653	1639
653	858
653	2319
653	1272
653	2498
653	2318
659	1773
659	858
659	2318
659	1295
659	2322
659	2499
660	1776
660	1296
660	967
660	1770
660	860
661	1718
661	1779
661	2463
661	2614
661	1710
662	909
662	2464
662	967
662	1777
662	910
662	950
663	1275
663	1764
663	1291
663	968
664	1777
664	967
664	1764
664	860
664	968
665	1783
665	1272
665	2502
665	675
665	2498
665	2320
666	910
666	1778
666	1275
666	2605
666	1764
666	1777
666	2136
669	2500
669	2501
669	2492
669	1322
669	1318
669	969
675	1951
675	2625
675	2502
675	1730
675	2320
676	2451
676	1739
676	1731
676	1438
676	1437
677	1732
677	1740
677	1450
678	1744
678	2505
679	1729
679	1459
679	2453
679	2345
680	1748
680	1461
680	2454
680	1455
680	682
681	1756
681	2248
681	1751
682	1455
682	1747
682	2613
683	2247
683	2675
683	974
683	1753
683	2639
684	2248
684	817
684	1463
684	1755
684	1464
685	1759
685	2250
685	1469
685	1758
685	1468
685	2249
685	2511
687	1232
687	2171
687	1903
687	1305
687	1233
688	1904
688	1905
688	1906
688	1907
690	1898
690	1148
690	1810
690	2288
690	1897
694	1148
694	1133
694	1146
694	842
695	1919
695	1233
695	1237
695	1920
696	2407
696	1922
696	916
696	1921
697	1220
697	1925
697	1924
697	2146
697	1923
698	820
698	936
698	975
698	1926
698	1928
699	832
700	1243
700	2148
700	1250
700	1241
700	1938
701	1943
701	2676
701	1942
701	977
701	1249
701	2522
702	1950
702	1252
702	1251
702	875
703	1884
703	2670
703	1253
703	2152
703	1906
703	1952
705	1369
705	1842
705	1839
705	1133
707	2709
707	1845
707	1369
707	804
715	1884
715	1274
715	1252
715	1660
716	1284
716	1892
716	2594
716	1891
716	1868
717	1285
717	1893
717	929
717	1890
717	1889
718	1269
718	1286
718	1285
718	1893
718	2362
718	918
719	2374
719	1909
719	1287
719	1270
719	1894
720	1911
720	919
720	1912
720	739
720	2370
721	1915
721	1912
722	1915
722	1309
722	930
722	1917
722	2535
722	1918
723	1929
723	2146
723	1930
723	1310
723	2172
723	1932
723	1931
724	1330
724	1925
724	1933
724	2173
725	1947
725	2221
725	1936
725	1937
725	2656
729	1898
729	1373
729	1415
729	1418
729	1897
729	1132
738	1826
738	1336
738	931
739	1829
739	1911
739	2370
740	1827
740	1337
740	920
741	2155
741	1834
741	2305
741	2658
742	1359
742	1358
742	881
743	2378
743	1360
743	2240
743	1852
743	2229
744	1737
744	1763
744	2242
744	938
744	1947
744	1869
744	1853
744	1948
744	2490
744	2223
745	1381
745	1870
745	831
746	876
746	2687
746	2514
746	1388
747	2239
747	1896
747	2238
748	2241
748	1968
748	1424
748	1970
749	2022
749	2023
750	1477
750	2027
750	2028
750	877
750	2387
750	1996
751	2388
751	2012
751	2013
751	1475
751	1476
752	1990
752	2253
752	2235
752	1991
752	2389
752	1216
752	1218
753	2252
753	2672
753	1217
754	2005
754	1995
754	1219
755	798
755	1223
755	1997
756	2002
756	2590
756	922
757	1266
757	2544
757	946
757	1263
758	2468
758	2469
761	2429
761	2069
761	2067
762	841
762	1478
762	2387
764	1267
764	2060
764	2470
764	2061
764	2469
765	1268
765	2063
765	2061
765	2161
765	2064
765	2545
765	2065
767	2546
767	2011
767	768
768	2062
768	2060
768	2546
768	2164
776	2112
776	1171
776	786
776	2258
777	2073
777	1313
777	1290
777	2380
777	941
783	2106
783	2640
783	2506
783	1157
783	1153
784	2627
784	788
784	1144
786	2479
786	2258
786	2111
786	1173
787	2122
787	884
788	1182
788	1161
788	1158
788	896
788	1162
788	1144
791	1185
791	2066
793	1719
793	1444
793	1717
793	1231
793	1238
793	1343
793	1350
798	2021
798	1997
798	1223
798	1186
798	2070
798	2074
800	2005
800	806
800	1995
800	1180
800	2415
800	1201
800	1192
800	2565
804	2709
805	1087
805	2603
805	1093
805	2611
805	976
805	1088
806	2073
806	1177
806	2005
806	2026
806	1999
806	1192
808	1504
808	2213
808	863
808	1498
809	2225
809	2346
809	1046
809	1526
810	1531
810	1536
810	1537
810	1062
811	1063
811	1066
811	1542
811	2217
811	1541
812	1515
812	843
812	1514
812	1525
812	1071
813	2403
813	1073
813	843
813	1511
813	2332
814	1584
814	1097
814	1098
815	2236
815	2353
815	940
815	1596
816	1589
816	985
816	1588
816	982
816	983
816	2184
817	2248
817	2455
817	1463
817	1754
817	2448
818	2512
818	2352
818	1727
820	917
820	936
820	975
821	1887
821	1283
821	2523
821	1274
821	1856
822	2374
822	1269
822	1286
822	1895
822	1894
823	1915
823	1914
823	2375
823	1307
824	1332
824	1935
824	1329
824	1222
824	1930
824	1932
826	1612
826	828
826	2621
827	2192
827	1620
827	1621
827	1610
827	2666
828	2671
828	2193
828	1624
828	2669
829	2656
829	1949
829	931
829	1333
829	1948
830	1850
830	2536
831	1870
831	1871
831	1381
832	1874
832	1875
834	1223
834	1111
834	2682
834	2002
834	1998
837	1344
837	1350
837	924
837	2549
837	2703
840	2070
840	2067
841	2020
841	2074
841	1478
842	1814
842	1148
842	1146
842	926
843	1073
843	1515
846	1152
846	2477
846	2104
847	2563
847	2015
847	1162
847	1161
847	2265
849	2430
849	2126
849	1183
850	1664
850	1410
852	1128
852	2599
852	898
852	1899
852	2288
854	1664
854	1371
854	1842
854	1821
854	1898
855	1390
855	1865
855	1412
858	1647
858	1639
858	1773
858	2318
859	1771
859	2614
859	2695
859	1776
859	1650
860	967
860	1296
860	1300
860	1291
860	968
862	1405
862	1403
862	1404
862	973
863	1068
863	2434
864	888
864	940
864	1596
865	1608
865	1033
865	2204
866	1687
866	1244
866	1688
867	1276
867	2313
867	2694
867	2312
867	1260
868	1697
868	1699
868	2496
868	1696
868	1700
869	1643
869	1037
869	2196
869	1044
869	2484
869	2623
870	2072
870	2014
870	1116
870	1113
870	2400
875	1243
875	1939
875	1251
875	2652
875	1856
875	1660
876	2687
877	2028
877	2537
877	1478
877	2387
880	2569
880	1148
880	926
880	1814
881	927
881	1359
883	1996
884	2507
884	2269
885	1030
885	1049
885	2212
886	2597
886	2213
886	1030
887	1072
887	1070
887	1523
887	1525
888	2227
888	1594
888	940
889	2396
889	1207
889	1557
891	1637
891	1626
891	1625
892	2480
892	1631
893	2209
893	2420
896	1162
896	2017
896	2586
896	2100
896	2257
896	1158
897	2259
897	2110
897	2563
897	2015
897	2123
898	2599
898	1899
898	2569
904	2169
904	1339
904	1831
905	1688
905	1690
905	963
906	1247
906	1258
906	2312
906	1257
907	2495
907	1261
907	1260
908	1781
908	2443
908	1299
908	2622
909	2323
909	1770
909	967
909	2464
909	1720
910	1778
910	1777
910	2136
910	950
911	1789
911	1318
911	2645
911	1784
911	1785
915	1446
915	1448
915	2700
915	2708
915	1730
916	1920
916	2145
916	1921
917	2407
917	975
918	1285
918	1895
918	1286
918	1908
919	2595
919	1306
919	1911
920	1833
920	1832
921	1876
921	1387
921	1386
921	1877
921	2653
923	1344
923	1343
923	2703
923	2548
923	1221
924	2033
924	1350
924	2549
926	2568
926	1899
926	1146
926	2569
926	1814
927	2155
929	1285
929	1908
929	2154
929	1889
929	2153
930	1915
930	1914
930	2535
931	1333
931	2222
935	1209
935	1733
935	1471
935	1757
936	1922
936	1926
936	1220
937	1522
937	1070
937	1069
937	2634
937	1658
938	1934
938	1989
938	2221
938	2242
938	1947
938	2528
939	1083
939	1685
939	1063
940	1597
940	1596
941	2011
945	2065
945	2071
945	2471
945	2051
945	2702
945	2050
946	1266
946	1263
946	1264
946	2057
948	1152
948	2270
948	2271
948	1174
948	2124
949	2421
949	2225
949	1053
949	1526
950	2136
950	1121
950	2464
950	1720
950	2130
950	1116
950	2504
950	1118
950	2405
951	2082
951	2086
951	1488
953	1022
953	1615
953	2688
953	2200
953	1617
954	1051
957	1549
957	1104
957	1552
957	1551
957	1550
957	1492
958	1555
958	1567
959	1575
959	2531
959	1570
963	1245
963	1690
964	2606
964	1259
964	1258
965	1780
965	1705
965	1271
967	1770
967	1777
968	1764
968	1291
969	2492
969	1318
973	1405
973	1713
973	2329
973	1715
974	2675
974	2512
974	1753
976	1089
976	1095
976	2611
977	2676
977	1945
977	1946
977	1250
977	1241
977	1249
980	2162
980	1575
980	2356
980	1574
980	2409
981	1578
981	2394
981	982
981	1570
981	2184
981	2176
981	2593
982	1578
982	1588
982	2184
983	2184
983	2409
983	1574
984	1590
984	1578
984	986
984	1588
984	1558
984	2358
985	2230
985	2357
985	2186
985	1589
985	1588
985	986
986	1588
1011	1612
1011	1610
1011	2534
1011	2621
1012	1800
1012	1620
1012	1621
1013	1622
1013	2193
1013	1624
1014	1039
1014	2416
1014	2275
1014	1623
1014	2194
1015	2253
1015	1214
1015	1622
1015	1625
1015	1637
1016	2196
1016	1636
1017	1638
1017	1214
1017	1636
1017	1637
1018	1019
1018	1603
1019	1481
1019	2197
1019	1603
1019	2482
1020	1603
1020	1602
1020	1644
1020	2203
1020	2198
1020	1598
1020	2482
1020	1592
1020	1021
1021	1025
1021	2203
1021	2483
1021	2198
1021	1599
1022	2688
1022	1643
1022	2484
1023	1614
1024	1616
1024	1571
1024	2199
1024	1617
1025	1608
1025	2203
1025	2485
1025	2483
1026	1609
1026	1613
1026	1627
1027	1641
1027	1631
1027	2162
1027	1642
1028	2688
1028	2393
1028	2486
1028	1029
1028	1635
1029	2486
1029	1635
1029	2202
1029	1633
1029	1634
1029	1640
1029	1632
1029	1628
1030	1049
1030	1057
1030	1527
1031	2203
1031	1032
1032	2205
1033	1034
1033	1634
1033	2204
1033	1613
1034	2438
1034	2616
1034	1582
1034	1035
1034	2202
1034	1634
1034	2205
1035	2438
1035	1065
1035	1530
1035	1036
1035	2205
1036	2367
1036	1528
1036	1058
1036	1530
1036	2205
1037	1039
1037	2393
1037	2416
1037	1643
1037	2196
1038	1644
1038	1602
1038	2540
1038	1050
1038	1545
1038	2207
1038	2022
1039	1040
1039	2368
1039	2393
1039	2416
1039	2194
1040	2368
1040	2192
1040	2608
1040	2671
1040	2194
1040	1041
1041	2669
1041	1624
1041	2194
1041	2671
1042	2393
1042	2368
1042	1043
1042	2206
1042	2532
1042	1640
1043	2357
1043	2368
1043	2206
1043	1641
1043	1642
1044	2196
1044	1638
1044	2197
1044	1605
1044	1606
1044	2623
1046	1056
1046	1053
1046	1526
1047	1657
1047	2618
1047	1655
1047	2539
1048	1057
1048	1528
1048	1079
1048	2367
1048	1073
1048	2403
1049	1057
1049	1079
1050	1644
1050	2487
1050	1545
1051	1652
1051	1651
1052	1653
1052	2210
1052	2418
1053	1059
1053	1526
1054	2174
1054	1522
1054	2224
1054	1659
1056	2347
1057	1528
1057	2435
1057	1079
1057	1527
1058	1528
1058	1529
1058	1530
1058	2214
1059	1532
1059	1533
1060	1082
1060	1063
1060	1535
1060	1538
1061	1545
1061	2207
1061	2537
1061	1645
1061	2208
1062	1537
1062	1536
1062	1538
1063	1066
1063	1685
1063	2217
1063	1462
1063	1538
1064	1462
1064	2217
1064	2437
1065	2216
1065	1530
1065	1539
1065	2438
1065	2342
1065	2519
1066	1685
1066	1542
1067	2220
1067	1521
1068	2632
1068	2434
1069	2634
1069	1654
1070	2634
1070	1522
1070	1523
1071	1515
1071	1525
1071	2401
1072	1074
1072	1525
1072	2620
1072	1514
1073	2367
1073	2403
1073	2401
1074	1513
1074	1516
1074	1081
1079	2403
1080	2187
1080	1686
1080	1513
1080	1504
1080	1081
1081	1498
1081	1504
1081	1516
1081	1513
1082	1534
1082	1499
1082	2436
1082	1535
1083	1685
1084	2350
1084	1517
1085	2202
1085	2422
1085	2520
1085	2591
1085	1099
1085	1633
1085	2531
1086	1585
1086	2423
1087	1519
1087	2603
1087	1088
1087	1520
1088	1521
1088	1520
1089	1090
1093	1098
1093	2611
1093	2603
1093	1583
1094	1098
1094	2611
1094	1095
1095	2611
1096	1101
1097	1100
1097	1098
1098	2611
1099	2394
1099	1570
1099	1105
1099	2591
1099	1587
1099	2531
1100	2227
1101	2236
1101	1596
1101	2424
1102	1586
1102	2228
1102	2647
1102	2431
1103	1548
1103	2353
1103	1597
1104	1549
1104	1587
1104	1105
1104	1492
1105	2394
1105	2354
1105	1587
1105	1492
1106	1550
1106	2635
1107	2686
1107	2628
1107	1567
1111	1223
1111	2682
1111	2105
1113	1116
1113	2262
1113	2114
1113	2118
1113	2002
1113	2682
1113	2400
1114	2117
1114	2420
1114	1223
1114	1115
1114	2116
1114	2105
1115	2404
1115	2116
1115	2117
1115	2654
1116	2504
1116	1955
1116	2014
1116	2263
1116	2118
1116	2130
1117	2636
1117	2405
1117	2119
1118	2405
1118	1119
1118	2131
1118	2120
1119	2135
1119	2133
1119	2131
1120	1653
1120	2281
1120	2121
1120	2127
1120	2133
1120	2132
1121	2127
1121	2136
1121	2135
1128	2619
1128	2282
1128	1899
1132	1897
1132	2288
1133	1146
1133	1369
1133	1839
1133	1898
1144	2627
1144	2103
1144	1158
1144	1159
1146	2568
1148	1810
1148	2569
1148	1814
1152	2477
1152	2270
1152	2106
1153	2106
1153	2506
1153	2104
1154	2271
1154	2564
1154	1155
1154	2113
1155	2113
1155	1809
1155	2125
1155	2564
1156	2562
1156	2109
1156	2100
1156	2564
1156	2640
1156	1157
1157	2640
1158	2257
1158	2103
1159	2103
1159	2257
1159	2627
1159	1160
1160	2627
1160	2101
1160	2102
1161	1162
1161	1182
1161	2265
1162	2017
1170	1171
1170	2478
1170	2110
1171	2478
1171	1955
1171	2112
1171	2241
1171	1980
1172	2113
1172	2112
1172	2111
1172	1173
1172	2269
1173	2111
1173	2479
1173	2269
1174	2271
1174	2655
1174	2662
1174	2124
1177	2073
1177	2383
1177	1410
1177	1999
1177	1371
1177	1194
1180	2415
1180	2021
1180	1997
1180	1192
1180	2158
1180	2025
1180	2273
1181	1302
1181	2526
1181	2170
1182	2477
1182	2265
1183	1185
1184	2565
1184	2272
1184	2126
1184	1202
1184	2430
1184	2020
1185	2126
1185	2272
1186	2069
1186	2021
1186	2070
1192	2026
1192	2078
1192	2273
1194	1664
1194	1371
1201	1995
1201	2589
1201	2565
1201	2538
1201	1202
1201	1203
1202	2029
1202	2538
1202	2565
1202	2000
1202	2020
1203	2588
1203	1212
1204	2589
1204	1982
1204	2588
1205	1218
1205	2336
1205	1217
1206	1481
1206	1214
1206	2538
1206	1993
1206	2689
1206	2439
1207	2396
1207	1564
1208	1326
1208	2306
1208	2493
1209	1736
1209	1733
1209	1762
1209	1471
1209	1759
1210	2458
1210	2339
1210	1763
1210	1467
1210	2250
1210	1750
1210	1762
1210	1759
1211	1472
1211	2456
1211	1360
1211	1724
1211	2229
1212	2689
1212	2588
1213	2588
1214	2253
1214	1991
1214	2197
1214	1638
1214	1481
1214	1994
1214	1993
1214	1637
1215	1991
1216	2389
1216	2672
1217	2672
1217	2336
1217	1218
1219	2252
1219	2542
1220	1925
1220	1922
1220	1923
1221	2548
1222	1935
1222	1933
1222	1924
1222	1925
1222	2173
1222	1930
1223	2074
1223	2420
1223	2537
1223	2105
1223	1478
1224	1227
1224	2053
1224	1226
1224	2001
1224	2049
1225	2590
1225	2003
1225	1226
1226	2400
1226	2003
1226	2049
1227	2057
1227	1264
1227	2058
1227	2399
1227	1998
1227	2053
1227	2052
1230	1350
1230	1231
1230	2425
1230	2033
1231	1444
1231	1350
1232	2171
1232	1903
1232	1868
1233	1308
1233	1919
1233	1305
1234	1905
1234	2152
1234	1906
1235	1906
1235	1952
1235	1262
1236	1904
1236	1907
1238	1717
1238	1343
1238	1954
1238	2446
1241	2488
1241	1945
1241	1250
1241	1388
1241	2514
1241	2687
1241	1938
1243	1250
1243	1946
1243	2148
1243	1939
1244	1690
1244	1687
1244	1688
1245	1691
1245	1690
1245	1689
1246	1277
1246	1674
1246	1692
1246	2315
1247	1677
1248	1946
1248	2652
1248	1249
1248	2522
1249	1946
1249	2522
1250	1946
1251	1939
1251	1950
1251	2408
1252	1952
1252	1950
1252	1660
1253	2670
1253	1892
1253	2152
1254	2670
1254	1885
1254	2153
1255	2468
1255	2056
1255	2161
1255	2064
1255	2678
1257	2694
1257	2312
1258	1259
1258	2312
1258	1260
1259	1261
1259	1260
1260	1261
1260	2312
1261	1298
1262	2147
1263	1264
1264	2057
1264	2051
1264	2052
1265	1630
1265	1783
1265	1629
1265	1702
1265	1646
1266	2057
1266	2059
1266	2544
1267	2060
1267	2008
1267	2010
1267	2164
1267	2469
1268	2062
1268	2063
1268	2470
1268	2061
1269	1286
1269	2362
1269	2489
1269	1894
1270	1303
1270	2489
1270	1566
1270	1287
1271	1630
1271	1705
1271	1944
1272	1783
1272	2498
1272	2319
1272	1629
1273	2330
1273	1647
1273	1773
1273	1775
1273	1437
1274	1886
1274	2524
1274	1887
1274	1660
1275	2605
1275	1292
1275	1764
1276	1277
1276	2313
1277	2315
1277	2441
1278	1280
1278	2314
1278	1682
1278	2496
1279	1694
1279	1692
1279	2622
1280	1281
1280	2496
1281	2442
1281	1698
1281	1699
1282	1701
1282	1702
1282	1707
1282	2317
1282	1700
1283	1590
1283	1578
1283	1941
1283	2154
1283	1888
1283	1887
1283	2523
1284	1893
1284	2594
1284	1892
1284	1890
1285	1893
1286	1895
1287	1909
1287	1566
1288	2062
1288	2063
1288	1289
1288	2163
1288	2068
1289	2014
1289	2072
1289	2004
1289	2062
1289	2163
1290	1313
1290	2009
1290	2380
1291	1300
1291	1768
1292	2606
1292	2605
1292	1722
1292	1298
1293	2624
1293	1776
1293	1648
1293	2321
1293	1771
1293	1649
1293	1650
1294	1648
1294	1771
1294	1295
1294	1697
1294	1772
1294	1696
1295	2322
1295	1697
1295	1772
1296	2624
1296	1300
1296	1776
1297	1718
1297	2451
1297	1774
1298	2344
1298	1722
1299	2308
1299	2443
1299	1694
1299	2622
1300	2624
1300	1649
1300	1768
1301	2645
1301	2309
1301	2467
1301	1787
1302	1303
1302	2526
1302	2525
1302	1304
1302	1306
1302	2595
1303	2526
1303	2489
1303	2170
1303	2362
1304	2171
1304	1913
1304	2595
1304	1910
1305	1308
1305	2375
1305	2171
1305	1913
1306	2525
1306	1339
1306	1831
1306	2595
1306	1911
1306	1338
1306	1829
1307	2375
1307	1913
1307	1910
1308	1919
1308	2375
1308	1914
1309	1915
1309	2363
1309	1917
1310	1929
1310	2535
1311	1329
1311	1936
1311	2172
1311	2677
1313	2073
1313	2009
1313	2014
1318	1789
1318	1322
1320	2492
1320	1321
1320	1785
1321	1800
1321	1714
1321	1401
1321	2444
1321	1786
1321	2492
1321	1785
1322	2327
1322	1789
1326	2467
1326	1800
1326	2306
1326	2325
1329	1332
1329	1936
1329	2172
1329	1932
1330	2376
1330	2232
1330	1871
1330	1933
1331	2376
1331	1934
1331	1933
1331	1935
1331	2596
1332	1935
1332	1936
1332	2596
1333	2222
1333	2490
1333	1948
1334	1335
1334	1949
1334	1937
1335	2363
1336	1824
1337	1838
1337	1357
1337	1826
1337	1827
1337	1832
1337	1825
1338	1831
1338	1829
1338	1830
1338	2304
1339	2525
1339	1831
1343	1350
1343	1344
1344	1350
1344	2703
1350	2033
1356	1442
1356	2706
1357	2377
1357	1853
1357	1838
1357	2223
1358	1363
1358	1361
1358	1850
1358	1852
1358	1359
1359	1852
1359	1851
1360	2456
1360	2378
1360	2229
1361	1363
1361	1869
1361	1850
1361	1849
1363	1736
1363	1737
1363	1869
1363	2607
1363	1852
1363	2240
1369	1842
1369	1845
1371	1999
1371	1845
1371	1664
1371	1842
1373	1821
1373	1390
1373	1898
1381	1992
1381	2232
1381	1871
1381	1385
1385	1992
1385	1813
1385	1407
1385	1876
1385	1387
1385	1877
1386	2653
1387	1876
1387	1877
1388	2514
1388	2653
1388	2488
1390	1865
1390	1821
1396	2527
1396	2238
1396	2234
1396	1397
1396	2516
1397	2234
1397	1408
1397	1398
1398	1408
1399	1965
1399	2239
1401	1714
1401	2500
1401	2444
1401	1708
1403	1405
1404	1714
1405	1713
1406	1870
1406	1876
1406	2515
1407	2701
1407	1813
1407	1408
1407	2151
1408	2234
1408	2701
1409	2516
1409	2151
1410	2383
1410	1412
1412	2383
1412	1865
1412	2583
1415	1417
1415	1418
1415	2295
1417	2295
1418	1442
1418	2383
1418	2619
1418	2295
1424	1431
1424	1968
1425	1495
1425	1969
1425	1970
1425	2659
1426	2390
1426	1978
1426	1972
1426	1429
1429	1978
1429	1979
1429	1809
1429	1972
1431	1980
1431	1968
1431	1981
1431	1989
1431	1432
1432	1989
1432	2232
1432	1992
1432	1439
1437	2330
1437	1731
1437	1775
1438	1738
1438	1739
1438	2451
1439	1967
1439	1804
1440	1813
1440	1441
1440	2701
1440	1978
1440	1971
1441	2239
1441	2557
1441	2701
1441	1971
1441	1896
1442	2327
1442	2383
1442	2706
1442	2571
1442	2619
1443	2452
1443	1741
1443	1742
1443	1740
1443	1739
1444	2017
1444	1965
1444	2364
1444	1988
1444	1445
1445	2364
1446	1730
1446	1447
1446	1448
1447	2629
1447	1449
1447	2465
1447	1730
1447	1448
1448	1449
1448	2505
1448	2700
1449	1743
1449	2505
1450	1740
1450	1732
1450	1741
1451	2504
1451	1452
1451	2503
1452	2504
1452	1456
1453	1749
1453	2245
1453	2244
1453	2510
1453	2454
1453	1752
1453	1751
1454	1752
1454	1751
1454	1464
1454	1755
1454	2613
1455	1461
1455	1746
1455	1747
1456	2458
1456	1955
1456	2504
1457	1723
1457	1728
1457	2691
1457	1744
1458	1744
1458	2339
1458	2582
1458	2691
1458	2650
1459	2453
1459	1745
1459	2582
1459	2650
1459	1729
1460	1746
1460	1461
1460	1748
1460	1735
1460	2345
1461	1746
1461	1748
1462	2217
1462	1538
1463	1755
1463	1754
1463	2639
1464	2248
1464	1755
1465	2029
1465	2000
1465	2013
1467	2250
1467	1750
1467	2245
1467	1756
1467	1758
1467	2248
1468	1758
1468	2455
1468	2249
1469	1759
1469	1471
1469	1757
1469	1760
1469	2511
1470	1757
1470	2352
1471	1759
1471	1757
1472	1721
1472	1734
1472	2456
1472	1724
1473	1553
1473	1721
1473	1568
1473	2686
1473	2155
1473	1724
1475	2013
1475	1476
1476	2012
1476	2540
1476	2022
1477	2028
1477	2537
1477	2027
1477	2024
1478	2074
1478	2537
1478	2387
1479	2005
1479	2082
1479	1482
1479	2398
1479	2254
1479	2574
1481	2197
1481	2538
1481	2029
1482	2082
1482	2573
1482	2574
1484	1550
1484	1549
1484	1587
1484	2431
1484	1548
1488	2086
1488	1999
1488	2082
1492	1552
1495	1805
1495	2659
1498	1504
1498	2213
1499	1534
1499	1517
1499	1510
1499	1559
1505	1590
1510	2350
1510	1517
1510	1577
1510	1559
1511	2403
1511	2332
1511	1512
1512	2349
1512	2332
1512	2212
1513	2634
1513	1686
1513	1654
1514	1525
1514	2620
1515	2401
1516	2620
1516	1518
1516	2349
1517	2350
1518	2349
1519	2603
1519	2616
1519	2530
1519	1520
1520	2530
1520	1544
1520	1521
1522	1523
1522	1524
1522	2224
1522	1658
1523	1525
1523	1524
1524	1525
1524	2224
1526	2225
1527	2435
1527	2346
1527	2225
1528	1529
1528	2435
1528	2367
1529	2435
1529	2421
1529	2214
1530	2216
1530	2214
1531	1536
1531	2421
1531	2214
1531	2215
1532	1533
1532	1534
1532	2347
1533	1534
1534	2347
1535	2436
1536	2215
1537	2519
1537	2216
1537	2437
1539	2438
1539	1540
1539	2218
1539	2342
1540	2438
1540	2348
1540	2218
1540	1541
1540	2633
1540	2219
1541	1542
1541	2217
1541	2218
1541	2219
1542	2219
1542	2646
1543	2633
1543	1544
1543	2646
1543	2220
1544	2530
1544	2633
1545	2207
1545	2208
1546	2359
1546	2612
1546	2487
1546	2208
1547	2420
1548	2431
1549	1550
1549	1587
1550	1551
1551	1552
1551	1556
1552	1556
1553	1721
1553	2236
1554	2354
1555	1556
1557	1568
1557	2307
1558	2358
1558	2414
1562	2394
1562	2355
1562	2592
1564	1565
1564	2396
1565	1909
1565	1578
1565	2237
1567	2628
1567	2533
1568	2157
1568	2307
1568	2686
1568	2155
1568	2628
1568	2533
1570	2394
1570	2531
1570	2593
1571	2198
1571	1604
1571	1599
1571	2199
1571	1616
1574	2356
1574	2409
1575	2162
1577	2350
1577	1695
1577	2187
1578	1590
1578	1909
1578	2154
1578	1588
1578	1908
1582	2616
1582	2351
1582	1583
1582	2422
1582	2603
1582	2202
1583	2351
1583	2603
1583	1584
1584	2351
1584	1585
1585	2423
1586	2228
1586	2591
1586	1587
1586	2431
1587	2591
1587	2431
1589	2357
1589	2356
1589	1642
1590	1941
1590	1713
1590	1719
1590	2402
1592	1598
1592	2482
1594	2647
1594	2227
1594	1595
1595	1597
1596	2236
1596	2424
1598	2198
1599	2198
1599	2483
1602	1644
1602	2540
1602	1603
1602	2012
1602	2016
1603	2482
1604	2198
1604	2199
1604	1614
1605	2197
1605	1606
1609	1618
1609	1617
1609	2200
1609	1619
1609	1627
1610	1621
1610	2534
1610	2666
1612	2621
1613	2204
1613	1634
1613	2486
1613	1627
1614	2199
1616	1617
1616	1618
1617	1618
1617	2200
1619	2486
1619	2688
1619	2200
1619	1627
1620	1713
1620	2329
1620	1800
1620	1621
1620	2192
1620	2230
1622	2253
1622	2648
1622	2193
1622	1625
1622	2275
1623	2648
1623	2275
1623	2194
1624	2193
1624	2194
1624	2669
1625	1626
1625	2195
1625	2275
1626	2195
1626	2416
1626	2196
1627	2486
1628	1633
1628	1632
1629	2319
1629	1783
1629	2318
1629	1702
1630	1951
1630	1783
1630	1944
1631	2532
1631	2206
1631	1641
1631	2480
1632	1640
1632	2532
1632	2480
1633	2202
1634	2202
1634	2486
1635	2393
1635	1640
1636	1637
1638	2197
1639	1647
1639	2502
1639	2498
1640	2532
1640	2393
1641	2206
1641	1642
1642	2162
1642	2356
1642	2357
1643	2393
1643	2688
1643	2484
1644	2203
1644	2367
1644	2487
1644	1659
1645	2359
1645	2537
1645	2208
1646	1702
1646	1707
1646	2497
1647	2502
1647	2330
1647	1773
1648	2321
1648	1771
1648	1696
1648	2601
1649	2624
1649	2321
1649	1768
1649	2344
1650	1771
1650	1776
1651	1655
1652	2418
1653	2418
1653	2406
1653	2210
1653	2134
1653	2281
1654	2210
1654	2406
1654	1686
1654	2634
1654	1655
1655	2210
1656	2618
1656	2201
1656	1657
1656	2174
1656	1659
1657	2174
1657	2618
1659	2174
1659	2201
1659	2487
1659	2224
1660	1856
1664	1821
1674	1692
1677	2406
1677	2606
1677	2311
1685	2675
1685	1747
1686	2187
1686	1695
1686	2308
1686	2406
1686	1689
1686	2460
1687	2460
1688	1690
1689	2308
1689	1690
1689	1694
1689	2340
1689	1691
1691	2340
1692	1694
1692	2340
1694	2308
1694	2340
1694	2622
1695	2343
1695	2443
1695	2350
1695	2629
1695	2187
1695	2308
1696	1697
1696	2496
1696	2601
1698	2442
1698	2315
1699	2496
1699	1700
1700	1701
1701	1702
1702	2318
1702	1707
1703	1781
1704	1706
1704	2673
1704	2316
1705	1780
1705	2466
1705	2673
1705	2497
1706	2673
1706	2442
1706	2317
1706	1707
1706	2497
1706	2316
1707	2317
1707	2497
1708	1712
1710	1779
1710	2323
1712	2501
1712	1717
1712	1954
1713	1719
1713	2329
1714	1717
1714	1800
1714	2329
1715	2329
1717	1719
1717	1954
1718	1779
1718	2463
1718	1774
1719	2402
1720	2504
1720	1732
1720	1779
1720	2323
1720	1738
1720	2464
1721	2236
1721	2512
1721	1724
1722	1768
1722	2344
1723	1728
1723	2505
1724	2229
1724	2513
1725	1726
1725	2607
1725	1733
1725	1734
1725	2378
1726	2251
1726	1733
1726	1736
1726	2607
1727	1733
1727	1734
1728	1743
1728	2505
1728	2231
1728	2691
1729	2231
1729	2650
1730	2502
1730	2465
1730	2625
1731	2502
1731	2330
1731	1739
1732	2504
1732	1738
1733	1736
1733	2251
1733	1734
1734	2456
1735	2453
1735	2244
1735	2510
1735	1748
1735	2345
1736	1762
1736	1737
1736	2251
1736	2607
1737	1763
1737	1762
1737	1869
1738	1779
1738	2451
1740	1741
1741	2503
1741	2452
1742	2452
1742	2708
1743	2505
1743	2231
1744	2339
1744	2691
1745	2582
1745	2339
1745	2453
1746	2629
1746	1747
1747	2247
1747	2675
1747	2613
1747	2246
1748	2510
1748	2454
1749	1750
1749	2245
1749	2244
1750	2245
1750	2339
1750	2453
1750	2244
1751	1752
1751	2245
1751	1756
1752	2454
1753	1754
1753	2512
1753	2639
1754	2512
1754	2639
1754	2448
1755	2639
1755	2247
1755	2613
1755	2246
1756	2245
1756	2248
1757	1760
1758	2250
1759	2250
1759	1762
1760	1761
1760	2511
1761	2697
1761	2511
1762	1763
1763	2458
1763	1955
1763	1980
1763	2242
1764	1777
1768	2344
1770	2323
1770	1776
1770	2695
1771	2614
1771	1772
1772	2614
1772	2322
1773	1775
1773	2499
1774	1775
1774	2463
1774	2499
1775	2499
1776	2624
1776	2695
1777	1778
1779	2323
1780	2466
1781	2466
1781	2443
1781	2673
1783	2320
1783	1951
1784	2645
1784	1786
1784	1785
1785	1786
1786	2309
1786	2467
1786	2645
1786	1800
1787	2467
1787	2324
1787	2645
1789	2493
1789	2324
1789	2327
1789	2645
1800	2329
1800	2467
1800	2325
1804	1967
1804	2335
1805	2243
1805	1809
1805	2113
1805	2112
1805	2529
1805	2335
1806	1808
1806	2341
1806	1992
1806	1807
1806	2529
1807	2529
1807	2335
1808	1813
1808	2341
1808	2529
1809	2243
1809	2113
1809	2125
1809	2107
1809	1972
1809	1979
1810	2599
1810	2288
1810	2569
1813	1992
1813	2341
1813	2701
1821	1898
1824	2370
1825	1826
1825	2222
1826	1827
1827	1830
1829	1911
1830	2304
1832	1838
1834	1847
1834	2658
1838	2377
1839	1842
1842	1845
1845	1999
1845	2709
1847	2377
1847	2658
1847	1848
1847	2536
1848	2377
1848	1853
1848	1849
1848	2536
1849	1850
1849	1869
1849	1853
1849	2536
1850	2536
1851	2229
1851	2513
1852	2240
1853	1869
1853	2377
1853	2223
1856	2652
1856	2523
1856	2149
1868	1891
1868	2171
1870	2233
1870	2515
1871	2232
1871	1872
1872	2521
1872	1927
1872	2233
1873	1945
1873	2151
1874	1927
1874	2233
1874	1928
1874	1875
1875	2233
1884	2670
1885	2670
1885	1889
1885	2153
1886	2524
1886	1888
1886	2153
1887	1888
1887	2524
1888	2154
1888	2524
1888	2153
1889	1890
1889	1892
1889	2670
1889	2153
1890	1893
1890	1892
1891	2170
1891	2171
1891	2594
1892	2670
1892	2152
1893	2594
1893	2362
1894	2374
1895	1908
1896	2239
1896	2701
1896	2234
1896	2238
1897	1898
1897	2288
1899	2568
1899	2709
1899	2569
1904	1905
1905	1906
1906	2152
1906	1952
1908	2154
1908	1909
1909	2374
1910	2595
1910	1913
1912	2370
1913	2375
1913	2171
1914	2375
1914	1915
1916	2363
1916	1917
1916	1918
1916	2677
1917	2363
1917	1918
1918	2677
1918	1931
1919	2145
1919	1920
1920	2145
1921	1922
1921	1923
1921	2145
1922	1923
1923	2146
1923	1929
1923	2145
1924	2146
1924	1925
1924	1930
1925	2173
1926	2521
1926	1928
1927	2521
1927	2233
1929	2535
1929	2145
1929	2146
1930	2146
1930	1932
1931	2172
1931	2677
1932	2172
1933	1935
1933	2376
1933	2173
1934	1989
1934	2232
1934	2221
1934	2376
1934	2596
1935	2596
1936	2221
1936	2596
1937	2656
1937	1949
1938	2148
1938	1940
1938	2631
1938	2687
1939	2148
1939	1940
1939	2408
1940	2148
1940	2631
1941	2402
1941	2523
1941	2149
1941	1943
1941	1942
1941	2150
1942	1943
1942	2150
1942	2522
1943	2676
1943	2402
1944	2465
1945	2151
1945	2676
1945	2488
1947	2221
1947	2656
1947	1948
1948	2656
1948	2490
1949	2656
1950	2408
1951	2625
1951	2320
1954	2328
1954	2446
1955	2478
1955	2458
1955	2014
1955	1980
1955	2504
1965	2364
1965	2527
1965	1966
1966	2527
1968	1980
1968	2241
1969	1970
1971	2390
1971	2557
1972	2107
1972	2390
1979	2243
1980	2241
1980	1981
1980	2242
1980	2528
1981	1989
1981	2528
1982	2589
1982	2542
1988	2017
1988	2586
1989	2232
1989	2528
1990	2005
1990	2235
1991	2253
1992	2232
1992	2341
1993	2439
1994	2541
1995	2005
1995	2589
1996	2000
1997	2021
1997	2158
1998	2399
1998	2156
1999	2573
1999	2086
2000	2029
2000	2020
2002	2682
2002	2590
2002	2400
2003	2400
2003	2590
2004	2009
2004	2014
2004	2380
2004	2546
2004	2062
2005	2082
2008	2010
2008	2160
2008	2059
2008	2159
2008	2469
2009	2014
2009	2380
2010	2011
2010	2164
2012	2540
2012	2016
2012	2388
2014	2478
2014	2072
2015	2563
2015	2110
2015	2478
2016	2388
2017	2586
2020	2074
2020	2430
2021	2415
2021	2069
2021	2066
2021	2429
2022	2540
2022	2207
2022	2023
2023	2024
2023	2207
2024	2027
2024	2537
2024	2207
2025	2078
2025	2159
2025	2158
2025	2273
2025	2399
2026	2078
2028	2537
2029	2538
2033	2549
2033	2425
2049	2053
2049	2543
2049	2050
2050	2702
2050	2071
2050	2543
2052	2702
2052	2053
2052	2543
2053	2543
2056	2468
2056	2545
2056	2161
2057	2058
2057	2059
2058	2159
2058	2059
2058	2399
2059	2160
2059	2159
2059	2544
2060	2062
2060	2470
2060	2164
2061	2470
2061	2545
2062	2546
2062	2063
2062	2470
2063	2068
2063	2065
2064	2471
2064	2065
2064	2161
2064	2678
2065	2071
2065	2068
2065	2471
2066	2415
2066	2429
2068	2163
2068	2071
2069	2429
2071	2072
2071	2163
2072	2163
2074	2430
2076	2383
2076	2327
2076	2328
2076	2446
2078	2159
2078	2273
2082	2573
2082	2086
2086	2573
2100	2562
2100	2257
2100	2101
2102	2627
2102	2476
2102	2506
2102	2104
2103	2257
2104	2476
2104	2506
2105	2115
2105	2553
2105	2116
2107	2125
2107	2390
2107	2557
2107	2108
2108	2557
2108	2109
2108	2564
2108	2125
2109	2562
2109	2557
2109	2564
2110	2478
2112	2241
2112	2113
2112	2258
2113	2271
2113	2655
2113	2662
2113	2269
2114	2262
2114	2118
2114	2115
2114	2553
2114	2404
2115	2553
2116	2553
2116	2404
2117	2654
2118	2263
2118	2404
2118	2337
2119	2654
2119	2636
2119	2120
2119	2405
2120	2654
2120	2405
2120	2131
2121	2132
2122	2563
2122	2270
2123	2259
2123	2269
2124	2662
2124	2270
2124	2507
2125	2564
2126	2272
2126	2430
2127	2281
2127	2133
2127	2136
2127	2554
2127	2135
2130	2263
2130	2405
2130	2636
2130	2337
2131	2132
2131	2133
2132	2133
2133	2135
2134	2406
2134	2605
2134	2281
2134	2137
2136	2605
2136	2554
2136	2660
2137	2605
2137	2281
2137	2554
2137	2660
2147	2408
2149	2523
2149	2150
2149	2652
2150	2652
2151	2402
2151	2676
2153	2154
2156	2158
2156	2399
2157	2307
2157	2395
2157	2533
2158	2399
2159	2399
2160	2544
2160	2469
2161	2545
2162	2356
2170	2526
2170	2171
2170	2594
2170	2362
2172	2677
2176	2184
2186	2230
2186	2414
2187	2632
2192	2230
2192	2368
2192	2608
2192	2666
2193	2253
2195	2416
2195	2275
2196	2416
2200	2688
2201	2618
2201	2612
2201	2487
2201	2539
2202	2422
2206	2532
2207	2537
2208	2359
2210	2406
2214	2216
2214	2421
2216	2519
2218	2342
2219	2646
2219	2633
2221	2596
2222	2490
2222	2223
2223	2490
2225	2421
2225	2435
2225	2346
2226	2520
2226	2228
2226	2647
2226	2423
2228	2591
2228	2520
2228	2647
2229	2513
2230	2357
2230	2368
2231	2691
2231	2650
2232	2376
2234	2238
2234	2701
2235	2398
2235	2253
2236	2635
2236	2353
2238	2527
2239	2557
2239	2562
2240	2378
2240	2607
2242	2528
2243	2529
2244	2453
2244	2510
2246	2247
2246	2613
2247	2675
2247	2639
2249	2455
2249	2511
2252	2672
2252	2389
2252	2542
2254	2398
2254	2573
2259	2479
2259	2269
2262	2682
2263	2337
2265	2477
2265	2270
2265	2563
2269	2662
2269	2479
2269	2507
2270	2563
2270	2477
2271	2655
2272	2565
2275	2416
2275	2648
2281	2554
2282	2571
2282	2619
2282	2706
2288	2599
2288	2619
2295	2583
2295	2383
2305	2658
2306	2493
2306	2325
2307	2395
2308	2443
2309	2467
2309	2645
2311	2406
2312	2694
2313	2694
2314	2441
2315	2441
2316	2442
2317	2442
2318	2319
2321	2601
2321	2344
2322	2614
2322	2463
2322	2499
2323	2695
2324	2493
2324	2645
2325	2493
2327	2383
2327	2493
2327	2328
2328	2446
2332	2349
2335	2529
2337	2636
2339	2458
2339	2582
2339	2453
2342	2437
2342	2519
2343	2443
2343	2629
2343	2466
2345	2453
2348	2530
2348	2438
2348	2633
2349	2620
2350	2629
2351	2422
2353	2635
2354	2394
2354	2355
2355	2394
2357	2368
2358	2414
2362	2489
2362	2594
2364	2586
2367	2401
2368	2393
2378	2607
2380	2546
2383	2583
2389	2672
2390	2557
2393	2688
2400	2590
2402	2676
2404	2553
2405	2636
2406	2606
2406	2605
2415	2565
2420	2537
2421	2435
2423	2647
2425	2549
2437	2519
2438	2616
2438	2530
2439	2689
2443	2466
2444	2500
2444	2492
2448	2512
2452	2503
2454	2510
2463	2614
2463	2499
2465	2629
2465	2643
2465	2625
2466	2673
2469	2544
2471	2678
2476	2627
2480	2532
2483	2485
2484	2623
2486	2688
2487	2612
2488	2653
2492	2500
2495	2601
2497	2673
2498	2502
2500	2501
2505	2700
2507	2662
2511	2697
2512	2697
2514	2687
2516	2527
2520	2591
2530	2616
2530	2633
2533	2628
2534	2621
2539	2618
2542	2589
2543	2702
2548	2549
2548	2703
2549	2703
2554	2660
2557	2562
2569	2599
2571	2706
2571	2619
2582	2650
2592	2665
2603	2616
2605	2606
2605	2660
2608	2671
2628	2686
2629	2643
2631	2687
2633	2646
2650	2691
2655	2662
2669	2671
2700	2708
